0	0	0.17
0	0	-0.25
0	0	-1.08
0	0	-0.78
0	0	-1.04
0	0	-1.11
0	0	-0.76
0	0	-0.61
0	0	-0.75
70	35	0.44
129	90	0.35
239	99	1.48
241	133	2.04
259	121	1.92
157	124	1.97
137	82	1.44
52	34	0.29
0	0	-1.28
0	0	-2.69
0	0	-3.06
0	0	-3.29
0	0	-4.03
0	0	-4.57
0	0	-5.46
0	0	-6.26
0	0	-5.60
0	0	-5.76
0	0	-5.77
0	0	-5.47
0	0	-5.06
0	0	-5.55
0	0	-5.89
0	0	-5.21
40	37	-4.73
15	15	-3.93
165	127	-2.95
102	96	-2.45
229	137	-2.20
175	124	-1.43
27	26	-1.92
27	26	-2.89
0	0	-3.92
0	0	-4.10
0	0	-4.18
0	0	-4.50
0	0	-4.55
0	0	-4.62
0	0	-4.63
0	0	-4.62
0	0	-4.56
0	0	-4.73
0	0	-5.23
0	0	-5.45
0	0	-5.13
0	0	-5.87
0	0	-5.51
0	0	-5.27
31	29	-5.42
32	31	-4.74
174	127	-4.53
228	140	-3.50
268	119	-2.93
197	120	-2.52
103	88	-2.43
26	24	-2.69
0	0	-3.57
0	0	-4.37
0	0	-4.95
0	0	-5.70
0	0	-6.27
0	0	-6.79
0	0	-7.17
0	0	-7.47
0	0	-7.48
0	0	-7.24
0	0	-7.42
0	0	-7.37
0	0	-7.23
0	0	-6.67
0	0	-5.79
0	0	-5.04
41	38	-3.76
99	90	-1.60
216	116	0.06
211	145	1.59
198	146	2.19
151	126	1.99
54	52	2.13
64	34	1.80
0	0	1.62
0	0	1.68
0	0	2.13
0	0	1.57
0	0	1.24
0	0	1.06
0	0	1.01
0	0	1.03
0	0	0.86
0	0	0.06
0	0	-0.41
0	0	-0.97
0	0	-1.28
0	0	-2.04
0	0	-2.30
0	0	-2.76
21	20	-2.68
75	70	-3.06
33	33	-3.26
19	19	-3.32
89	85	-3.86
118	109	-5.11
65	61	-4.98
9	9	-6.12
0	0	-7.25
0	0	-7.41
0	0	-6.90
0	0	-7.64
0	0	-8.67
0	0	-9.88
0	0	-10.04
0	0	-10.73
0	0	-10.77
0	0	-10.09
0	0	-10.02
0	0	-8.74
0	0	-7.84
0	0	-7.50
0	0	-7.29
0	0	-6.91
48	41	-5.91
106	92	-4.45
155	129	-3.21
203	148	-1.42
305	96	-0.09
214	119	0.53
176	71	1.44
60	40	1.44
0	0	0.90
0	0	1.69
0	0	1.80
0	0	1.65
0	0	1.69
0	0	1.68
0	0	1.77
0	0	2.08
0	0	1.66
0	0	1.56
0	0	1.29
0	0	0.56
0	0	0.95
0	0	0.85
0	0	0.45
0	0	0.78
72	37	2.03
161	83	2.53
230	113	3.44
274	123	4.13
282	117	5.50
182	130	6.04
106	92	6.12
52	42	4.81
0	0	3.95
0	0	2.69
0	0	2.46
0	0	1.45
0	0	1.25
0	0	0.03
0	0	-0.24
0	0	-0.65
0	0	-0.50
0	0	-0.69
0	0	0.06
0	0	0.29
0	0	1.07
0	0	1.08
0	0	1.35
0	0	1.43
7	7	1.85
30	29	2.86
49	48	3.74
49	48	3.40
32	32	3.86
40	39	3.46
39	38	3.58
6	6	3.76
0	0	3.57
0	0	3.14
0	0	4.10
0	0	4.65
0	0	4.70
0	0	5.42
0	0	5.96
0	0	6.81
0	0	6.76
0	0	6.24
0	0	6.11
0	0	6.68
0	0	7.36
0	0	6.76
0	0	6.90
0	0	6.60
9	9	7.60
14	14	7.78
17	17	7.60
90	86	7.84
65	63	8.86
18	18	9.84
35	34	10.14
20	19	9.99
0	0	10.27
0	0	10.16
0	0	10.08
0	0	10.22
0	0	10.19
0	0	10.40
0	0	11.01
0	0	10.77
0	0	10.43
0	0	10.03
0	0	9.54
0	0	9.01
0	0	8.44
0	0	7.71
0	0	7.48
0	0	7.54
48	43	7.22
84	78	7.18
92	86	7.43
118	110	7.75
151	139	7.54
95	90	7.76
99	91	6.58
32	30	5.75
0	0	4.61
0	0	4.54
0	0	3.68
0	0	2.55
0	0	1.16
0	0	0.16
0	0	-0.55
0	0	-1.28
0	0	-1.33
0	0	-1.35
0	0	-1.40
0	0	-1.28
0	0	-1.13
0	0	-1.04
0	0	-0.67
0	0	-1.00
29	27	-0.07
129	97	-0.12
223	123	1.54
235	149	1.92
153	141	3.16
220	126	2.90
98	90	2.30
7	7	0.80
0	0	0.93
0	0	0.61
0	0	-0.22
0	0	-0.69
0	0	-1.41
0	0	-1.32
0	0	-1.48
0	0	-1.49
0	0	-1.87
0	0	-1.74
0	0	-1.67
0	0	-1.22
0	0	-1.57
0	0	-1.29
0	0	-1.53
0	0	-1.60
41	38	-0.88
175	82	-0.15
217	127	1.11
159	146	2.10
172	153	2.75
146	133	3.27
82	76	3.23
41	38	3.42
0	0	3.03
0	0	2.90
0	0	2.97
0	0	2.26
0	0	2.14
0	0	2.13
0	0	1.85
0	0	2.50
0	0	2.50
0	0	2.59
0	0	2.62
0	0	2.38
0	0	2.21
0	0	2.62
0	0	2.63
0	0	2.72
33	31	2.75
33	32	3.71
135	124	4.28
151	139	5.03
152	140	5.35
64	62	5.50
76	72	6.06
4	4	5.33
0	0	5.51
0	0	5.35
0	0	5.10
0	0	4.95
0	0	3.97
0	0	4.11
0	0	3.76
0	0	3.52
0	0	3.67
0	0	3.63
0	0	4.13
0	0	4.47
0	0	4.71
0	0	4.35
0	0	4.16
0	0	3.99
5	5	4.28
78	73	4.55
115	107	4.25
130	121	4.84
134	124	5.23
225	132	6.21
40	39	6.88
47	44	6.20
0	0	6.05
0	0	5.44
0	0	5.12
0	0	5.00
0	0	4.95
0	0	4.53
0	0	4.90
0	0	4.70
0	0	4.38
0	0	3.95
0	0	3.34
0	0	3.11
0	0	3.11
0	0	3.10
0	0	2.40
0	0	2.22
9	9	1.85
44	42	2.47
216	133	2.87
205	159	3.07
104	98	2.53
91	86	2.43
73	69	2.27
13	12	1.71
0	0	1.06
0	0	0.91
0	0	0.17
0	0	0.29
0	0	-0.35
0	0	-0.24
0	0	0.22
0	0	0.36
0	0	0.02
0	0	-0.49
0	0	-0.26
0	0	-0.05
0	0	-0.91
0	0	-1.11
0	0	-1.33
0	0	-1.21
72	48	-1.44
185	85	-0.02
226	131	0.39
261	149	0.86
243	157	1.30
184	143	1.03
162	104	0.19
96	49	-1.18
0	0	-2.12
0	0	-2.69
0	0	-3.10
0	0	-3.49
0	0	-4.46
0	0	-5.38
0	0	-6.08
0	0	-7.37
0	0	-7.58
0	0	-7.72
0	0	-7.43
0	0	-7.48
0	0	-7.16
0	0	-7.03
0	0	-6.74
0	0	-5.60
65	50	-4.49
126	103	-3.30
197	140	-2.09
172	157	-0.43
413	73	1.01
204	144	0.81
141	109	1.39
39	36	1.55
0	0	0.89
0	0	1.24
0	0	1.28
0	0	0.12
0	0	0.83
0	0	0.72
0	0	1.05
0	0	2.24
0	0	1.56
0	0	1.03
0	0	0.99
0	0	0.92
0	0	0.80
0	0	0.18
0	0	-0.14
0	0	0.21
10	10	0.89
27	27	0.84
107	101	1.43
75	73	1.98
108	103	1.92
80	77	1.90
98	91	1.11
18	18	0.81
0	0	0.76
0	0	-0.19
0	0	-0.31
0	0	-1.35
0	0	-1.69
0	0	-1.56
0	0	-1.32
0	0	-1.71
0	0	-2.19
0	0	-2.98
0	0	-3.58
0	0	-2.98
0	0	-2.76
0	0	-2.40
0	0	-2.61
0	0	-2.13
13	13	-2.12
93	86	-2.42
127	117	-1.46
83	80	-1.05
154	142	-0.43
225	144	0.55
146	112	0.20
60	55	0.25
0	0	0.57
0	0	-0.12
0	0	-0.66
0	0	-1.43
0	0	-1.94
0	0	-1.48
0	0	-1.10
0	0	-1.40
0	0	-2.19
0	0	-2.22
0	0	-3.03
0	0	-2.89
0	0	-3.08
0	0	-3.09
0	0	-3.17
0	0	-3.25
39	37	-2.17
34	33	-1.55
226	140	-0.68
216	167	0.06
239	166	0.55
232	144	1.09
167	112	1.61
82	62	1.33
0	0	1.61
0	0	1.28
0	0	0.62
0	0	0.88
0	0	0.46
0	0	0.28
0	0	0.25
0	0	0.26
0	0	-0.77
0	0	-0.78
0	0	-1.45
0	0	-1.40
0	0	-1.25
0	0	-1.54
0	0	-1.31
0	0	-0.87
40	38	-0.08
109	100	0.60
232	140	1.79
236	167	1.44
186	166	2.22
330	80	2.29
221	89	2.16
115	54	2.19
0	0	1.25
0	0	1.02
0	0	0.01
0	0	0.18
0	0	-0.79
0	0	-1.05
0	0	-1.70
0	0	-1.95
0	0	-1.53
0	0	-1.48
0	0	-1.73
0	0	-2.12
0	0	-2.89
0	0	-3.39
0	0	-3.59
0	0	-3.18
15	15	-2.46
37	36	-1.65
153	140	-0.92
52	50	-0.68
149	139	-0.11
205	154	-0.09
98	91	-0.76
35	34	-1.00
4	4	-1.05
0	0	-1.52
0	0	-1.28
0	0	-1.39
0	0	-1.98
0	0	-2.62
0	0	-3.39
0	0	-3.65
0	0	-3.62
0	0	-4.42
0	0	-3.93
0	0	-4.15
0	0	-3.73
0	0	-4.35
0	0	-4.36
0	0	-3.71
29	27	-2.78
129	110	-1.70
180	150	-0.34
251	168	0.49
263	168	1.77
240	149	1.91
121	111	1.44
67	62	1.20
8	6	0.72
0	0	0.44
0	0	0.18
0	0	-0.19
0	0	-1.03
0	0	-1.51
0	0	-2.30
0	0	-2.18
0	0	-2.06
0	0	-2.24
0	0	-2.09
0	0	-2.99
0	0	-3.28
0	0	-2.93
0	0	-2.50
0	0	-1.83
45	42	-1.05
75	71	-0.65
59	57	-0.22
117	110	0.52
177	163	0.99
241	152	1.42
186	117	1.29
102	68	0.93
8	7	0.70
0	0	0.43
0	0	-0.07
0	0	0.30
0	0	-0.01
0	0	0.10
0	0	0.56
0	0	0.59
0	0	0.05
0	0	-0.12
0	0	0.81
0	0	1.16
0	0	1.01
0	0	1.20
0	0	1.77
0	0	2.17
29	28	2.65
104	97	3.55
146	135	4.61
226	175	5.30
318	149	5.61
226	158	6.22
117	108	6.63
56	53	6.52
6	6	6.52
0	0	6.46
0	0	6.72
0	0	6.20
0	0	5.74
0	0	5.29
0	0	5.18
0	0	5.38
0	0	4.56
0	0	3.74
0	0	3.25
0	0	2.65
0	0	2.80
0	0	2.80
0	0	2.74
0	0	2.38
34	33	2.53
135	115	2.84
152	140	2.69
181	166	2.65
246	178	3.25
78	75	3.35
97	91	4.01
38	36	2.94
2	2	2.51
0	0	1.48
0	0	1.14
0	0	-0.14
0	0	-0.74
0	0	-0.94
0	0	-1.28
0	0	-2.11
0	0	-2.38
0	0	-2.08
0	0	-1.67
0	0	-1.67
0	0	-1.76
0	0	-1.13
0	0	-0.94
0	0	-0.42
60	55	-0.03
256	61	1.30
268	140	2.58
201	176	2.79
151	141	3.07
94	90	3.06
150	126	2.61
52	49	2.90
20	13	2.12
0	0	1.39
0	0	1.27
0	0	1.13
0	0	1.75
0	0	2.05
0	0	2.39
0	0	2.20
0	0	1.49
0	0	1.46
0	0	1.38
0	0	0.84
0	0	0.14
0	0	0.39
0	0	0.43
0	0	0.41
65	60	0.92
188	113	1.32
159	146	1.73
207	179	1.90
170	157	1.84
151	140	1.74
91	86	1.93
79	72	0.98
10	9	0.27
0	0	-0.67
0	0	-1.66
0	0	-2.40
0	0	-3.30
0	0	-4.38
0	0	-4.77
0	0	-4.90
0	0	-4.16
0	0	-3.74
0	0	-3.12
0	0	-1.45
0	0	-0.40
0	0	0.04
0	0	0.08
0	0	0.06
65	59	0.72
46	45	1.53
154	142	2.52
183	168	2.70
142	133	3.02
32	31	3.27
111	103	4.89
41	39	5.58
11	10	5.87
0	0	6.23
0	0	6.86
0	0	7.96
0	0	8.55
0	0	9.50
0	0	10.01
0	0	10.18
0	0	10.40
0	0	9.82
0	0	9.53
0	0	9.27
0	0	9.40
0	0	9.06
0	0	8.50
0	0	8.85
74	66	9.02
65	62	8.98
203	163	9.76
171	158	10.21
89	86	10.06
107	101	9.65
167	133	10.07
83	76	10.24
5	5	10.34
0	0	10.42
0	0	10.86
0	0	10.57
0	0	11.21
0	0	10.91
0	0	10.34
0	0	10.17
0	0	10.62
0	0	10.86
0	0	11.18
0	0	11.44
0	0	11.11
0	0	10.99
0	0	10.84
7	6	10.46
89	69	11.11
161	125	12.12
182	162	12.47
277	182	13.15
275	186	13.78
257	167	13.40
185	135	12.92
41	39	12.49
8	8	11.02
0	0	9.75
0	0	9.21
0	0	9.15
0	0	9.02
0	0	8.23
0	0	7.47
0	0	5.75
0	0	5.04
0	0	4.94
0	0	5.26
0	0	5.15
0	0	5.07
0	0	5.47
0	0	4.55
8	7	4.99
62	57	5.88
197	121	7.04
181	163	7.50
247	189	7.84
326	170	8.33
126	119	8.11
123	114	8.28
93	83	7.83
14	13	7.08
0	0	6.07
0	0	5.06
0	0	3.76
0	0	2.64
0	0	1.40
0	0	1.06
0	0	0.67
0	0	1.03
0	0	0.97
0	0	-0.01
0	0	-0.75
0	0	-1.17
0	0	-1.61
0	0	-1.94
3	3	-1.85
47	44	-1.79
69	66	-1.47
199	168	-1.37
252	191	-0.90
271	192	-0.49
215	175	-0.70
13	13	-1.10
27	27	-1.68
13	12	-1.99
0	0	-3.35
0	0	-4.74
0	0	-5.69
0	0	-6.31
0	0	-6.85
0	0	-7.08
0	0	-7.31
0	0	-7.76
0	0	-7.70
0	0	-8.27
0	0	-8.78
0	0	-8.88
0	0	-9.64
0	0	-8.98
16	9	-8.82
94	75	-8.00
138	126	-6.99
301	147	-5.79
404	116	-5.40
370	151	-4.50
233	178	-4.30
192	141	-4.59
121	89	-4.96
21	19	-5.45
0	0	-6.35
0	0	-6.70
0	0	-6.19
0	0	-7.42
0	0	-6.74
0	0	-6.62
0	0	-7.29
0	0	-7.08
0	0	-6.80
0	0	-7.23
0	0	-6.23
0	0	-5.25
0	0	-4.87
0	0	-4.35
10	9	-3.88
60	56	-3.68
168	132	-2.36
151	140	-0.74
310	184	0.20
434	97	1.44
287	169	1.73
186	144	1.79
125	91	2.03
27	24	1.94
0	0	0.84
0	0	0.93
0	0	0.67
0	0	0.31
0	0	-0.23
0	0	-0.03
0	0	-0.18
0	0	0.19
0	0	0.44
0	0	-0.19
0	0	-0.15
0	0	-0.29
0	0	-0.45
0	0	-0.20
4	4	0.34
8	8	1.05
181	134	1.65
282	163	2.52
360	162	3.68
236	198	3.28
228	182	3.47
110	103	2.92
156	86	2.53
22	20	1.66
0	0	0.84
0	0	-0.16
0	0	-0.37
0	0	-0.35
0	0	-0.61
0	0	-0.36
0	0	-0.19
0	0	-0.76
0	0	-0.54
0	0	-0.66
0	0	0.24
0	0	-0.07
0	0	-0.39
0	0	0.11
14	13	-0.07
76	70	0.10
130	120	1.15
248	175	1.37
143	135	2.35
287	200	2.90
206	181	3.01
178	148	3.65
129	96	3.54
21	20	2.93
0	0	1.90
0	0	1.53
0	0	1.02
0	0	1.13
0	0	0.06
0	0	0.20
0	0	0.17
0	0	0.47
0	0	0.66
0	0	1.65
0	0	1.00
0	0	1.28
0	0	1.28
0	0	1.85
2	2	1.98
31	30	2.08
84	80	2.78
71	69	2.59
85	82	2.27
74	72	2.44
57	56	2.58
77	74	2.82
51	48	2.98
16	15	3.45
0	0	3.62
0	0	3.87
0	0	3.47
0	0	3.51
0	0	3.23
0	0	3.53
0	0	3.46
0	0	3.05
0	0	2.44
0	0	1.85
0	0	1.87
0	0	0.84
0	0	1.18
0	0	1.62
19	17	1.64
89	82	2.41
137	126	2.48
189	173	3.64
413	135	3.86
237	204	3.92
210	185	4.38
118	111	4.37
84	78	4.40
11	11	3.27
0	0	2.66
0	0	1.90
0	0	1.63
0	0	0.64
0	0	0.18
0	0	0.02
0	0	0.33
0	0	-0.32
0	0	-0.07
0	0	0.06
0	0	-0.18
0	0	-0.49
0	0	-1.00
0	0	-1.03
26	20	-1.01
71	66	-0.79
233	133	-0.06
242	183	1.24
356	181	2.00
420	141	2.62
325	171	1.85
188	154	1.34
107	98	1.40
43	37	1.04
0	0	0.85
0	0	-0.16
0	0	-0.02
0	0	-0.02
0	0	-0.58
0	0	-0.86
0	0	-1.19
0	0	-1.50
0	0	-1.69
0	0	-1.76
0	0	-1.88
0	0	-1.82
0	0	-1.73
0	0	-2.06
22	20	-1.13
70	66	-0.46
67	64	0.09
254	185	0.81
386	167	2.25
399	164	2.57
320	177	3.02
216	156	3.08
165	99	2.55
72	33	1.64
0	0	-0.01
0	0	-0.30
0	0	-1.36
0	0	-2.24
0	0	-1.63
0	0	-2.11
0	0	-2.43
0	0	-2.38
0	0	-2.22
0	0	-2.69
0	0	-2.58
0	0	-2.23
0	0	-2.01
0	0	-1.83
31	24	-1.54
109	91	-0.34
210	145	0.05
162	150	0.54
258	210	1.54
115	110	1.98
158	148	2.06
231	157	1.86
129	106	1.63
47	41	0.99
0	0	0.51
0	0	0.34
0	0	0.40
0	0	-0.84
0	0	-0.72
0	0	0.04
0	0	-0.21
0	0	-0.17
0	0	-0.72
0	0	-0.75
0	0	-0.07
0	0	0.25
0	0	0.47
0	0	0.93
18	17	1.43
77	72	1.43
89	85	2.43
143	134	3.21
287	212	3.40
288	215	4.56
302	191	5.59
182	159	5.49
136	109	5.88
33	31	5.98
0	0	5.26
0	0	4.36
0	0	3.73
0	0	4.24
0	0	3.74
0	0	3.61
0	0	3.91
0	0	3.63
0	0	3.35
0	0	3.04
0	0	3.41
0	0	3.49
0	0	3.33
0	0	3.56
11	11	3.47
14	14	3.24
29	29	3.31
50	49	2.51
73	71	3.19
69	67	2.78
81	78	3.15
133	125	2.67
39	38	1.93
16	16	1.84
0	0	1.52
0	0	1.17
0	0	1.07
0	0	0.86
0	0	1.14
0	0	0.90
0	0	1.50
0	0	1.60
0	0	1.75
0	0	1.79
0	0	1.77
0	0	1.89
0	0	1.84
0	0	1.87
15	14	2.46
25	24	2.38
128	119	3.23
69	67	3.48
163	153	4.40
206	190	5.16
251	202	5.43
122	115	4.93
38	37	5.01
7	7	5.43
0	0	5.51
0	0	5.64
0	0	6.33
0	0	7.14
0	0	6.97
0	0	7.07
0	0	7.00
0	0	6.76
0	0	7.29
0	0	7.02
0	0	6.79
0	0	7.41
0	0	7.45
0	0	7.87
45	32	9.30
136	100	9.81
193	156	10.55
345	172	10.88
362	202	11.53
337	215	12.36
372	170	12.80
298	144	12.93
157	115	12.58
80	47	11.68
0	0	10.69
0	0	10.03
0	0	10.37
0	0	9.94
0	0	9.34
0	0	8.35
0	0	7.86
0	0	7.74
0	0	7.76
0	0	6.90
0	0	7.18
0	0	7.46
0	0	6.87
0	0	7.29
28	26	7.36
123	102	7.64
227	157	8.39
376	156	9.81
274	222	11.14
358	212	11.18
331	195	10.39
309	142	10.01
30	29	9.73
31	30	9.24
0	0	8.25
0	0	7.25
0	0	6.70
0	0	6.16
0	0	5.10
0	0	4.74
0	0	4.12
0	0	4.10
0	0	3.19
0	0	2.86
0	0	1.94
0	0	1.73
0	0	1.79
0	0	2.22
47	37	3.03
117	103	3.06
225	160	3.64
400	143	4.76
487	118	5.53
467	145	5.96
265	209	6.25
262	167	5.93
161	120	5.56
85	52	3.87
0	0	3.73
0	0	3.15
0	0	2.73
0	0	1.41
0	0	1.02
0	0	0.36
0	0	-0.16
0	0	-0.20
0	0	-0.76
0	0	-0.88
0	0	-1.56
0	0	-1.49
0	0	-1.34
0	0	-1.67
30	28	-1.90
106	97	-1.50
244	159	-1.04
210	193	-0.55
398	197	0.34
369	215	0.30
269	212	0.68
195	172	1.04
72	69	1.26
14	14	0.10
0	0	-0.87
0	0	-0.78
0	0	-0.87
0	0	-1.36
0	0	-2.39
0	0	-2.22
0	0	-1.89
0	0	-1.99
0	0	-2.80
0	0	-2.66
0	0	-3.40
0	0	-3.87
0	0	-3.69
0	0	-3.70
10	10	-2.96
80	75	-2.40
196	165	-2.33
176	164	-1.58
311	229	-0.94
371	218	-0.43
273	214	-0.48
170	157	-0.17
218	107	-0.57
68	58	-1.37
0	0	-1.52
0	0	-2.92
0	0	-3.96
0	0	-4.49
0	0	-4.05
0	0	-4.56
0	0	-5.11
0	0	-6.14
0	0	-6.15
0	0	-6.21
0	0	-5.55
0	0	-5.00
0	0	-5.06
0	0	-4.87
17	16	-4.91
65	62	-4.42
118	111	-3.91
90	87	-3.68
159	150	-3.53
173	162	-3.51
196	182	-3.03
154	143	-3.51
56	54	-3.62
5	5	-4.50
0	0	-4.98
0	0	-5.32
0	0	-5.54
0	0	-5.73
0	0	-5.65
0	0	-6.27
0	0	-6.29
0	0	-5.83
0	0	-5.67
0	0	-4.84
0	0	-3.65
0	0	-3.03
0	0	-2.90
0	0	-2.47
11	10	-2.17
13	13	-1.28
65	63	-0.35
98	94	-0.18
123	118	0.23
114	110	1.30
59	58	1.38
50	49	1.79
62	60	1.91
9	9	2.27
0	0	2.83
0	0	3.37
0	0	3.45
0	0	4.49
0	0	4.78
0	0	5.09
0	0	5.78
0	0	5.34
0	0	5.45
0	0	5.75
0	0	5.76
0	0	5.48
0	0	5.34
0	0	5.23
31	29	6.03
11	11	7.51
155	143	7.87
289	214	9.28
281	235	9.65
474	168	9.50
364	204	9.90
178	164	8.99
22	22	8.67
50	47	8.49
0	0	7.34
0	0	7.21
0	0	6.77
0	0	6.07
0	0	5.57
0	0	5.17
0	0	5.15
0	0	4.86
0	0	4.61
0	0	4.81
0	0	4.47
0	0	4.06
0	0	4.14
0	0	3.51
9	9	3.78
130	116	4.04
206	174	5.36
268	216	6.12
285	238	6.42
392	225	6.93
331	218	7.64
280	181	7.59
191	131	6.92
119	57	6.14
0	0	5.14
0	0	5.40
0	0	5.04
0	0	4.55
0	0	4.84
0	0	4.25
0	0	4.27
0	0	3.76
0	0	3.46
0	0	2.15
0	0	1.81
0	0	1.23
0	0	0.93
0	0	0.58
84	51	0.82
162	121	1.86
337	138	2.96
423	164	3.77
489	161	4.30
474	180	4.90
371	208	5.45
253	188	6.21
222	125	5.52
70	64	4.48
0	0	3.47
0	0	3.00
0	0	2.59
0	0	2.43
0	0	2.08
0	0	2.47
0	0	2.27
0	0	1.96
0	0	1.57
0	0	2.05
0	0	1.65
0	0	1.83
0	0	2.54
0	0	3.53
53	49	3.65
157	124	4.39
188	172	6.07
382	196	7.80
524	133	8.78
412	224	10.25
254	224	10.45
185	170	9.59
220	129	9.79
81	70	8.86
0	0	7.76
0	0	7.22
0	0	7.33
0	0	7.22
0	0	7.03
0	0	6.94
0	0	6.58
0	0	5.92
0	0	5.08
0	0	4.96
0	0	5.04
0	0	5.06
0	0	4.76
0	0	4.51
74	58	4.58
165	127	5.39
183	168	5.94
353	213	6.58
350	244	7.25
396	234	6.92
423	188	7.31
375	143	6.84
247	119	6.26
82	72	5.21
0	0	3.68
0	0	2.41
0	0	1.68
0	0	1.56
0	0	0.11
0	0	0.01
0	0	-0.92
0	0	-1.71
0	0	-0.96
0	0	-1.26
0	0	-1.54
0	0	-1.00
0	0	-0.99
0	0	-1.19
91	59	-1.46
112	104	-0.68
280	180	0.43
372	209	1.12
381	240	1.57
476	194	2.20
338	229	2.55
359	159	2.14
219	136	1.56
144	58	0.23
0	0	-1.73
0	0	-2.52
0	0	-3.35
0	0	-3.51
0	0	-4.28
0	0	-5.97
0	0	-6.33
0	0	-6.58
0	0	-6.53
0	0	-6.75
0	0	-6.96
0	0	-6.59
0	0	-6.66
0	0	-5.77
113	53	-5.31
262	92	-4.35
324	167	-3.19
425	184	-1.37
583	103	0.22
505	176	1.63
449	179	2.17
360	163	2.71
266	116	2.49
105	77	1.35
11	5	-0.04
0	0	-0.34
0	0	-0.44
0	0	-1.02
0	0	-1.26
0	0	-1.72
0	0	1.05
0	0	0.95
0	0	1.15
0	0	0.85
0	0	1.23
0	0	0.74
0	0	1.09
0	0	1.13
42	39	1.94
108	101	3.10
330	168	3.65
205	190	4.35
203	190	4.68
358	254	5.43
335	235	6.03
210	192	5.82
92	87	5.05
34	33	4.68
8	7	3.60
0	0	3.11
0	0	2.54
0	0	1.95
0	0	0.60
0	0	0.25
0	0	-0.22
0	0	-0.35
0	0	-0.63
0	0	-0.56
0	0	-0.08
0	0	-0.10
0	0	-0.28
0	0	0.08
105	66	0.53
202	134	1.78
344	165	3.37
455	173	5.67
484	199	6.39
457	221	7.67
443	193	8.28
393	149	7.87
230	142	7.61
98	81	6.42
14	9	5.60
0	0	5.25
0	0	4.73
0	0	4.15
0	0	4.38
0	0	4.19
0	0	3.62
0	0	3.10
0	0	2.23
0	0	1.49
0	0	1.39
0	0	1.67
0	0	2.16
0	0	2.75
88	71	2.91
146	133	3.51
211	191	4.58
220	203	5.20
218	203	5.83
413	246	6.36
291	241	6.83
50	49	6.47
157	144	5.90
29	28	6.18
3	3	5.84
0	0	5.34
0	0	5.38
0	0	5.50
0	0	5.84
0	0	5.60
0	0	5.65
0	0	5.59
0	0	5.59
0	0	5.10
0	0	5.83
0	0	5.37
0	0	5.25
0	0	5.25
60	56	5.68
100	94	5.62
121	115	6.30
251	229	7.19
380	257	7.47
361	262	8.08
261	237	7.06
87	84	6.90
60	58	6.71
26	25	5.40
8	7	4.66
0	0	4.66
0	0	4.45
0	0	3.16
0	0	1.84
0	0	1.14
0	0	1.22
0	0	0.87
0	0	0.50
0	0	-0.20
0	0	-1.48
0	0	-1.42
0	0	-0.73
0	0	-0.79
59	56	0.48
215	141	1.58
363	168	2.74
431	205	4.35
363	262	5.61
408	255	6.04
380	236	6.63
389	166	6.54
273	133	5.92
179	58	5.10
27	12	4.24
0	0	3.23
0	0	3.26
0	0	2.99
0	0	2.46
0	0	1.55
0	0	1.09
0	0	0.84
0	0	0.57
0	0	0.19
0	0	1.46
0	0	0.50
0	0	0.58
8	6	1.03
48	45	1.46
129	120	2.64
288	202	3.74
330	244	6.02
487	218	7.14
363	267	7.44
417	226	8.11
281	211	8.15
185	156	8.18
94	86	7.40
13	13	6.26
0	0	5.71
0	0	4.68
0	0	3.47
0	0	3.17
0	0	2.86
0	0	2.61
0	0	2.72
0	0	2.64
0	0	1.94
0	0	1.63
0	0	1.57
0	0	2.56
6	6	2.73
86	79	3.46
217	147	4.64
372	172	5.86
274	242	7.06
298	263	7.67
274	251	8.15
337	250	9.05
270	213	9.34
134	125	9.09
27	26	8.26
12	11	7.32
0	0	5.75
0	0	5.94
0	0	5.56
0	0	5.41
0	0	5.92
0	0	5.76
0	0	5.02
0	0	5.20
0	0	5.45
0	0	5.08
0	0	4.32
0	0	4.63
11	10	4.96
129	81	6.99
208	152	8.56
365	181	10.45
483	185	11.35
415	260	12.17
554	179	13.29
437	223	14.06
421	156	13.66
263	149	12.59
190	62	12.16
28	20	11.82
0	0	11.26
0	0	10.14
0	0	9.76
0	0	9.52
0	0	8.88
0	0	8.43
0	0	8.66
0	0	7.78
0	0	7.55
0	0	7.70
0	0	7.54
0	0	7.73
17	13	7.29
58	55	7.91
214	154	9.01
241	209	9.94
310	251	11.61
492	229	12.45
471	243	12.93
397	244	13.06
358	200	13.20
177	159	12.22
128	96	10.52
25	22	8.91
0	0	7.59
0	0	6.63
0	0	6.25
0	0	5.55
0	0	5.08
0	0	4.95
0	0	5.10
0	0	4.59
0	0	4.56
0	0	4.33
0	0	4.13
0	0	3.99
26	14	4.23
117	89	6.25
345	80	7.65
448	129	9.28
504	179	11.65
533	205	13.60
593	153	14.87
504	187	15.59
452	139	15.39
314	127	14.60
208	56	13.20
40	22	11.89
0	0	11.57
0	0	10.57
0	0	9.83
0	0	9.84
0	0	8.85
0	0	8.94
0	0	8.36
0	0	7.96
0	0	7.82
0	0	7.58
0	0	7.51
0	0	7.48
26	17	7.30
76	71	8.22
283	138	9.84
336	207	11.71
507	182	13.53
386	276	15.58
454	259	15.73
409	246	15.71
462	135	15.84
295	144	15.25
212	58	14.27
51	19	13.34
0	0	11.99
0	0	11.95
0	0	11.83
0	0	11.08
0	0	10.32
0	0	9.36
0	0	8.82
0	0	8.52
0	0	8.80
0	0	8.90
0	0	8.43
0	0	8.28
15	14	8.25
64	61	8.82
177	159	9.65
185	172	11.01
294	255	11.09
523	222	11.84
430	271	12.69
407	251	13.37
459	144	12.82
242	167	11.42
84	78	10.35
28	26	9.82
0	0	9.20
0	0	8.63
0	0	7.33
0	0	6.28
0	0	6.39
0	0	5.56
0	0	5.86
0	0	5.77
0	0	5.12
0	0	4.72
0	0	4.99
0	0	5.05
21	20	5.26
99	91	6.14
146	135	6.84
146	138	8.15
68	66	9.11
82	80	9.64
228	213	10.02
368	262	10.22
249	221	9.82
231	171	9.19
118	103	9.17
32	29	8.48
0	0	7.71
0	0	7.25
0	0	6.98
0	0	6.84
0	0	6.35
0	0	6.11
0	0	5.55
0	0	5.00
0	0	5.28
0	0	4.79
0	0	4.30
0	0	4.03
18	17	3.84
107	97	4.78
191	166	5.38
315	222	5.99
263	242	6.73
319	280	7.59
478	260	8.10
253	233	8.06
242	221	8.14
224	173	6.75
101	93	6.09
13	12	5.01
0	0	5.16
0	0	4.64
0	0	4.51
0	0	4.03
0	0	3.62
0	0	3.22
0	0	2.51
0	0	2.02
0	0	2.20
0	0	1.91
0	0	2.11
0	0	2.15
41	27	2.61
89	83	3.95
228	170	5.16
334	222	6.41
516	197	8.04
423	281	9.21
561	211	9.56
453	242	9.89
309	229	10.02
282	164	9.18
131	108	8.30
35	32	7.27
0	0	6.37
0	0	6.25
0	0	5.99
0	0	5.42
0	0	5.06
0	0	4.69
0	0	3.56
0	0	2.38
0	0	2.27
0	0	1.88
0	0	1.70
0	0	1.41
48	29	1.10
161	102	1.84
186	169	3.42
370	214	4.79
506	210	6.22
495	258	6.93
576	204	7.05
576	154	7.34
458	165	6.81
366	112	5.55
233	63	3.62
49	35	1.95
0	0	0.06
0	0	-0.68
0	0	-1.16
0	0	-2.55
0	0	-3.64
0	0	-4.19
0	0	-4.16
0	0	-3.60
0	0	-3.69
0	0	-3.58
0	0	-3.12
0	0	-2.64
43	33	-1.77
135	108	-0.96
250	174	0.37
349	224	2.72
268	247	4.05
466	274	5.72
460	278	6.16
505	219	6.82
391	213	6.60
249	178	6.21
215	84	4.77
67	31	4.17
0	0	3.73
0	0	3.48
0	0	2.85
0	0	3.15
0	0	3.44
0	0	3.51
0	0	3.96
0	0	3.54
0	0	3.26
0	0	2.98
0	0	3.31
0	0	3.01
38	35	3.57
123	109	4.62
221	178	6.84
380	218	8.49
570	167	9.60
641	151	10.69
524	251	12.53
554	186	13.01
414	204	13.69
282	173	13.31
176	109	12.88
51	39	11.98
0	0	11.43
0	0	10.95
0	0	10.27
0	0	9.49
0	0	9.73
0	0	9.39
0	0	9.10
0	0	9.31
0	0	9.12
0	0	8.97
0	0	8.65
0	0	8.79
4	4	8.67
123	111	8.62
164	152	9.36
202	188	9.92
302	270	10.59
201	190	10.23
299	274	10.32
367	276	10.67
168	158	10.20
79	76	9.79
62	60	9.62
12	11	8.74
0	0	7.73
0	0	7.60
0	0	7.18
0	0	6.37
0	0	6.36
0	0	6.33
0	0	5.92
0	0	4.57
0	0	4.59
0	0	4.55
0	0	5.26
0	0	4.78
55	41	4.34
231	81	4.90
291	173	4.74
382	225	5.27
359	278	6.20
336	294	7.82
333	294	8.29
346	278	8.36
313	240	7.75
279	179	7.04
134	116	7.13
39	36	6.23
0	0	6.03
0	0	6.14
0	0	4.99
0	0	4.33
0	0	4.30
0	0	4.15
0	0	4.02
0	0	4.15
0	0	4.17
0	0	4.24
0	0	4.25
0	0	4.17
46	42	4.24
161	118	5.09
188	172	5.59
248	227	6.55
259	239	7.11
231	216	7.97
267	247	8.35
159	152	8.34
76	74	8.67
50	49	7.40
38	37	6.79
11	10	6.61
0	0	6.51
0	0	6.31
0	0	5.84
0	0	5.81
0	0	5.96
0	0	5.70
0	0	5.49
0	0	5.47
0	0	5.12
0	0	5.16
0	0	4.82
0	0	4.94
7	7	4.94
55	53	4.54
41	40	4.90
114	109	5.34
33	33	4.89
93	90	4.59
122	118	4.63
74	72	4.94
97	94	5.09
70	68	5.30
9	9	4.74
4	4	4.73
0	0	4.45
0	0	4.72
0	0	5.12
0	0	5.58
0	0	6.37
0	0	6.47
0	0	6.38
0	0	5.96
0	0	5.94
0	0	6.41
0	0	6.32
0	0	6.66
51	47	7.44
135	121	8.88
344	161	9.98
310	246	11.68
559	206	12.31
647	176	13.36
475	291	14.42
489	253	14.91
489	172	14.66
186	171	14.77
163	123	14.20
78	46	12.59
0	0	12.18
0	0	11.68
0	0	11.57
0	0	11.74
0	0	11.00
0	0	10.88
0	0	10.12
0	0	8.72
0	0	8.88
0	0	8.16
0	0	7.58
0	0	6.68
84	48	5.90
201	119	6.01
286	189	7.90
480	186	8.64
634	139	10.06
577	242	10.48
586	235	11.64
579	193	11.21
485	179	10.39
399	120	8.91
163	125	7.13
77	49	5.86
0	0	4.62
0	0	3.34
0	0	2.18
0	0	1.18
0	0	-0.17
0	0	-1.19
0	0	-1.79
0	0	-2.33
0	0	-1.94
0	0	-1.97
0	0	-1.39
0	0	-1.45
70	54	-1.41
143	126	-0.36
199	183	0.42
520	157	1.31
476	267	3.10
548	265	4.86
465	300	5.48
436	280	5.33
337	249	4.78
285	191	4.43
149	126	3.56
74	52	2.27
0	0	1.90
0	0	1.38
0	0	1.27
0	0	0.84
0	0	0.18
0	0	-0.11
0	0	0.10
0	0	-0.15
0	0	-0.76
0	0	-0.75
0	0	-1.26
0	0	-1.41
16	15	-1.33
110	102	-1.61
168	156	-0.49
292	251	1.15
345	290	2.35
266	247	3.53
435	309	3.42
431	284	3.72
312	251	3.29
216	192	3.06
60	57	2.84
48	44	2.00
0	0	2.18
0	0	1.26
0	0	1.31
0	0	0.70
0	0	-0.28
0	0	-0.51
0	0	-0.99
0	0	-0.34
0	0	0.39
0	0	0.49
0	0	-0.44
0	0	-0.37
52	48	0.34
146	131	1.23
207	190	1.97
180	170	3.10
279	257	4.36
272	253	5.96
360	310	6.58
400	291	6.19
317	253	5.85
194	179	6.14
174	131	5.09
9	9	4.62
0	0	3.99
0	0	3.44
0	0	2.39
0	0	2.40
0	0	2.64
0	0	1.94
0	0	0.89
0	0	0.47
0	0	-0.38
0	0	-1.26
0	0	-1.30
0	0	-1.28
60	55	-1.40
184	136	-2.05
347	181	-0.80
360	256	0.01
341	293	0.96
506	296	1.79
655	195	2.13
545	237	2.59
344	254	2.01
244	199	1.44
125	115	0.42
24	24	-1.17
0	0	-2.40
0	0	-3.38
0	0	-3.72
0	0	-4.67
0	0	-5.20
0	0	-5.87
0	0	-6.39
0	0	-6.39
0	0	-6.53
0	0	-7.30
0	0	-7.39
0	0	-7.30
100	62	-6.33
288	87	-4.88
422	133	-2.83
493	201	-0.67
621	184	1.69
708	146	3.25
648	206	5.14
623	176	6.14
504	185	6.67
415	129	6.19
241	113	5.03
74	60	3.65
0	0	2.88
0	0	2.20
0	0	1.64
0	0	1.78
0	0	1.79
0	0	0.78
0	0	0.93
0	0	0.15
0	0	0.11
0	0	0.23
0	0	-0.11
0	0	0.01
99	66	-0.03
315	66	1.13
392	163	2.88
541	166	4.32
566	235	6.14
635	225	7.48
647	212	8.70
520	260	8.40
465	217	7.78
273	203	6.49
192	135	5.07
95	59	3.96
0	0	3.45
0	0	2.63
0	0	1.16
0	0	0.04
0	0	-0.64
0	0	-1.77
0	0	-2.63
0	0	-3.31
0	0	-3.21
0	0	-3.24
0	0	-3.06
0	0	-3.17
71	65	-2.90
251	126	-2.20
295	209	-1.50
499	206	-0.35
601	212	1.00
495	309	2.94
501	306	3.35
529	258	3.07
364	258	2.66
284	204	1.88
149	134	1.02
79	63	0.54
0	0	-0.12
0	0	-1.44
0	0	-2.10
0	0	-2.87
0	0	-3.45
0	0	-1.89
0	0	-2.38
0	0	-2.65
0	0	-2.82
0	0	-2.75
0	0	-2.79
0	0	-2.50
77	70	-1.91
237	137	-1.39
448	126	0.36
446	242	1.91
547	256	3.02
502	310	4.08
611	250	4.63
626	187	5.16
360	261	4.74
283	206	4.82
149	136	3.93
88	65	2.52
0	0	1.10
0	0	0.59
0	0	0.01
0	0	-0.26
0	0	-0.11
0	0	-0.61
0	0	-0.13
0	0	-0.59
0	0	0.09
0	0	0.32
0	0	0.65
0	0	0.78
82	73	1.63
233	142	3.86
433	146	5.70
515	204	7.53
699	124	9.64
609	258	10.51
575	278	10.96
533	263	12.20
461	230	12.94
298	206	13.02
165	140	12.66
77	66	11.20
0	0	10.64
0	0	9.75
0	0	8.93
0	0	9.02
0	0	8.79
0	0	8.21
0	0	7.74
0	0	7.31
0	0	6.90
0	0	7.27
0	0	7.80
0	0	8.27
147	60	8.43
296	110	9.76
481	104	11.49
600	130	13.20
680	151	14.21
701	182	15.17
718	160	16.40
625	197	17.06
566	150	17.11
409	155	15.93
270	112	14.54
110	65	12.70
0	0	11.59
0	0	10.07
0	0	8.80
0	0	7.06
0	0	6.27
0	0	5.29
0	0	4.54
0	0	4.55
0	0	4.37
0	0	4.58
0	0	4.25
12	5	4.83
144	67	5.78
205	154	6.64
310	218	8.92
468	243	10.07
661	177	11.23
733	152	12.41
753	133	13.18
596	226	13.49
612	108	13.28
363	189	12.69
269	116	11.71
118	64	10.15
0	0	9.26
0	0	8.27
0	0	8.04
0	0	7.72
0	0	6.88
0	0	5.78
0	0	6.28
0	0	6.27
0	0	5.87
0	0	5.73
0	0	5.46
15	7	5.52
124	80	5.52
180	155	6.51
252	219	7.90
458	252	9.08
427	311	10.22
517	316	11.16
608	267	11.66
547	264	12.04
520	200	12.72
329	205	11.76
195	146	10.80
50	47	10.00
0	0	8.45
0	0	7.71
0	0	7.30
0	0	7.05
0	0	6.42
0	0	5.42
0	0	5.03
0	0	5.07
0	0	4.63
0	0	4.69
0	0	4.90
21	8	5.27
112	85	5.84
319	108	6.55
423	175	7.63
404	273	9.99
556	270	11.16
706	192	12.56
663	229	13.55
551	265	13.54
458	243	12.97
343	203	12.93
250	134	12.83
111	72	11.21
0	0	10.12
0	0	9.18
0	0	8.49
0	0	7.21
0	0	6.92
0	0	6.38
0	0	6.68
0	0	6.31
0	0	6.35
0	0	5.99
0	0	5.84
12	11	5.93
41	39	7.33
166	152	7.63
365	212	8.95
423	271	10.81
383	315	11.90
511	323	12.52
333	305	13.58
178	169	14.10
423	260	14.31
170	159	14.72
126	118	14.13
145	58	13.76
0	0	13.33
0	0	13.11
0	0	13.51
0	0	13.62
0	0	13.77
0	0	13.42
0	0	13.39
0	0	12.75
0	0	12.29
0	0	12.27
0	0	12.18
31	10	12.40
106	89	12.67
178	160	13.17
441	171	14.77
397	279	16.25
579	264	16.91
659	244	17.91
633	261	17.89
521	287	17.64
425	262	17.47
406	175	16.26
250	140	14.54
152	57	13.24
8	4	12.15
0	0	10.95
0	0	9.10
0	0	8.23
0	0	6.74
0	0	5.83
0	0	5.31
0	0	4.94
0	0	5.21
0	0	4.99
0	0	5.22
36	11	5.17
178	69	6.14
356	90	7.61
438	178	8.72
581	184	10.35
718	142	12.00
732	180	12.72
756	148	12.96
663	187	13.79
552	188	13.41
452	141	13.18
284	123	11.55
133	72	9.84
13	4	9.14
0	0	8.01
0	0	7.08
0	0	6.68
0	0	6.14
0	0	5.88
0	0	5.80
0	0	5.46
0	0	5.56
0	0	5.43
0	0	5.54
3	3	5.87
104	93	5.66
97	92	6.86
174	163	7.63
275	253	8.80
578	271	9.68
485	336	11.01
302	280	11.72
464	310	11.75
274	252	11.73
56	55	10.97
31	31	11.12
67	62	11.28
9	8	10.35
0	0	9.69
0	0	9.07
0	0	9.09
0	0	9.09
0	0	9.01
0	0	8.81
0	0	9.36
0	0	8.55
0	0	8.78
0	0	8.33
24	21	8.30
178	79	8.55
287	153	9.28
392	214	11.12
433	279	12.40
446	322	14.02
673	245	14.56
685	230	15.03
569	269	15.72
495	238	15.53
398	190	14.42
337	85	13.48
139	75	11.78
10	9	10.55
0	0	10.43
0	0	10.07
0	0	8.92
0	0	7.75
0	0	7.21
0	0	6.56
0	0	6.45
0	0	5.49
0	0	5.58
0	0	5.52
17	16	5.73
98	90	6.35
244	170	7.06
279	235	7.31
304	278	7.70
234	220	8.48
470	342	8.71
517	330	8.71
477	311	8.53
270	249	8.25
145	137	8.64
126	118	8.48
18	17	7.33
7	7	7.19
0	0	6.68
0	0	6.04
0	0	6.10
0	0	5.52
0	0	4.47
0	0	4.65
0	0	4.38
0	0	4.19
0	0	4.08
0	0	4.08
28	26	4.86
71	67	5.33
274	165	6.34
398	218	8.31
614	172	9.51
546	298	10.28
583	311	11.45
612	291	11.68
639	225	11.37
482	250	11.50
438	168	11.30
280	138	10.53
123	85	10.07
16	13	8.73
0	0	8.36
0	0	7.44
0	0	6.63
0	0	6.12
0	0	5.98
0	0	5.50
0	0	4.80
0	0	4.04
0	0	4.18
0	0	4.18
13	13	3.71
80	75	3.92
181	166	4.33
308	241	4.57
321	287	5.32
249	234	6.21
376	338	6.60
509	337	6.54
365	318	6.65
255	236	6.49
372	211	6.91
180	159	6.15
73	68	5.28
8	8	4.15
0	0	3.59
0	0	3.31
0	0	3.54
0	0	2.96
0	0	2.94
0	0	3.20
0	0	3.05
0	0	3.67
0	0	3.32
0	0	3.36
22	21	3.12
85	80	3.92
227	179	4.12
312	243	4.76
255	237	6.45
257	240	7.12
284	265	7.30
304	282	7.69
275	256	8.31
369	284	8.80
329	226	8.07
245	158	7.60
100	88	6.89
7	7	6.49
0	0	6.86
0	0	5.91
0	0	5.04
0	0	4.20
0	0	3.77
0	0	3.59
0	0	2.74
0	0	2.83
0	0	2.49
0	0	2.26
11	10	2.16
35	34	2.47
83	80	3.34
102	98	4.78
118	114	5.01
219	207	5.39
125	121	6.12
327	302	7.11
167	160	7.24
193	182	6.77
255	226	6.97
208	164	6.55
60	56	5.82
7	7	5.20
0	0	4.80
0	0	4.77
0	0	4.62
0	0	3.94
0	0	4.07
0	0	3.58
0	0	3.41
0	0	2.94
0	0	2.70
0	0	3.03
33	30	3.33
130	110	4.63
200	179	6.54
436	212	8.10
525	258	9.40
547	309	10.52
511	345	11.61
635	288	12.65
605	264	13.40
482	260	13.60
214	198	13.64
137	128	13.32
114	93	12.54
29	19	11.66
0	0	10.94
0	0	10.22
0	0	10.32
0	0	9.69
0	0	9.34
0	0	8.68
0	0	8.47
0	0	7.97
0	0	8.17
0	0	7.72
34	31	7.71
186	104	7.46
299	172	7.96
405	231	9.31
468	286	10.14
582	294	11.97
658	280	13.10
585	319	13.29
556	295	14.23
506	251	14.54
459	168	13.75
256	161	12.68
69	65	11.26
14	14	10.00
0	0	8.53
0	0	7.69
0	0	6.57
0	0	5.85
0	0	5.06
0	0	4.95
0	0	5.18
0	0	5.61
0	0	5.70
0	0	6.14
5	5	6.14
54	52	6.79
116	110	7.35
284	247	7.68
198	187	9.02
115	112	8.97
256	241	9.98
238	225	10.80
234	220	11.04
164	157	10.78
118	114	11.00
119	112	11.10
103	93	10.93
9	9	11.18
0	0	11.07
0	0	10.93
0	0	10.78
0	0	11.20
0	0	11.06
0	0	11.23
0	0	11.36
0	0	10.91
0	0	11.20
0	0	10.89
32	30	10.60
134	115	11.19
126	119	11.79
231	213	12.34
303	278	12.86
394	336	14.09
149	144	14.20
422	351	14.25
485	325	14.29
365	291	14.76
177	166	14.81
276	159	14.62
89	82	14.07
22	20	13.31
0	0	12.77
0	0	12.23
0	0	11.89
0	0	12.65
0	0	12.43
0	0	11.28
0	0	10.48
0	0	9.89
0	0	9.77
0	0	9.78
69	43	9.22
147	119	9.57
329	168	10.49
275	248	11.72
540	261	12.27
666	246	13.30
705	254	14.36
711	242	15.31
459	330	15.26
417	289	15.00
355	232	14.13
254	168	12.72
49	47	11.22
20	19	9.84
0	0	8.65
0	0	7.31
0	0	6.31
0	0	5.60
0	0	4.66
0	0	4.86
0	0	4.70
0	0	4.76
0	0	4.99
0	0	5.45
55	46	6.01
151	121	6.70
207	187	8.56
468	209	9.29
725	128	10.74
451	341	12.40
341	314	13.84
628	306	14.99
486	328	15.33
357	293	15.59
235	216	16.46
87	84	16.60
59	56	15.81
31	27	15.33
0	0	14.45
0	0	14.02
0	0	14.22
0	0	13.86
0	0	14.39
0	0	13.88
0	0	13.97
0	0	14.23
0	0	13.67
0	0	13.12
59	49	12.74
180	120	13.70
328	175	14.84
445	227	16.26
545	264	17.59
607	294	18.65
636	308	19.40
665	284	19.51
539	314	19.34
393	295	20.04
341	238	19.52
294	158	18.92
83	77	18.19
21	20	17.31
0	0	16.80
0	0	16.48
0	0	16.14
0	0	15.88
0	0	15.43
0	0	15.46
0	0	15.32
0	0	15.09
0	0	15.43
0	0	15.71
27	26	15.94
111	103	16.13
133	126	16.98
282	253	17.88
312	286	18.96
296	276	19.36
290	271	19.75
365	334	19.45
401	334	19.53
377	297	19.18
135	128	18.12
206	175	17.62
94	87	17.22
19	18	16.18
0	0	15.95
0	0	16.13
0	0	15.66
0	0	15.33
0	0	14.80
0	0	14.56
0	0	14.05
0	0	13.14
0	0	13.57
0	0	13.21
52	48	13.88
94	88	14.43
179	165	15.27
359	259	16.73
377	310	18.53
515	337	19.50
517	358	20.28
669	287	20.47
739	169	20.30
449	289	20.59
227	209	20.18
149	139	19.41
69	65	18.80
31	29	18.18
0	0	17.76
0	0	16.67
0	0	15.69
0	0	15.67
0	0	14.30
0	0	13.23
0	0	12.83
0	0	12.47
0	0	11.69
0	0	11.15
90	50	11.04
225	112	11.18
332	182	12.44
434	240	13.69
599	237	14.57
604	304	15.59
622	323	16.36
658	297	16.74
672	238	16.42
467	285	16.57
344	242	15.51
308	158	13.87
178	97	11.81
43	34	10.17
0	0	9.11
0	0	7.99
0	0	7.28
0	0	6.03
0	0	5.44
0	0	5.55
0	0	4.85
0	0	4.50
0	0	4.22
0	0	4.71
62	55	4.40
113	105	4.45
226	198	5.14
360	263	6.08
435	312	6.85
548	331	7.58
690	283	7.99
325	301	8.93
363	330	8.93
245	229	9.13
115	110	8.07
100	95	7.44
29	28	6.24
24	23	5.46
0	0	4.68
0	0	5.03
0	0	4.15
0	0	3.50
0	0	2.94
0	0	2.16
0	0	2.64
0	0	2.65
0	0	2.84
0	0	2.97
54	50	3.72
151	131	4.24
272	202	5.83
386	261	6.59
573	261	8.05
601	310	9.62
539	358	11.04
638	314	12.15
641	267	12.44
510	271	12.72
418	222	12.35
278	175	12.00
169	106	11.45
52	37	11.07
0	0	10.42
0	0	10.21
0	0	10.86
0	0	10.54
0	0	10.40
0	0	10.13
0	0	9.47
0	0	8.84
0	0	9.02
0	0	9.00
96	57	8.78
231	118	9.38
403	146	10.77
511	202	12.68
668	186	14.26
756	190	14.83
754	235	15.56
733	247	16.22
698	223	16.83
576	232	16.50
471	192	15.39
361	131	14.20
150	111	12.42
70	32	10.36
0	0	9.92
0	0	8.87
0	0	8.24
0	0	7.64
0	0	6.50
0	0	5.74
0	0	6.30
0	0	5.89
0	0	5.81
0	0	5.55
87	62	5.84
173	136	6.80
327	194	7.72
540	181	8.75
708	147	10.56
724	225	11.09
799	193	12.09
822	159	12.72
727	198	13.05
676	141	13.42
553	119	12.72
409	87	11.31
216	86	9.90
65	37	8.44
0	0	6.74
0	0	5.21
0	0	3.92
0	0	3.07
0	0	4.01
0	0	3.97
0	0	3.70
0	0	3.78
0	0	3.37
0	0	3.40
55	51	3.63
145	133	4.52
393	161	6.32
450	245	7.61
566	273	9.49
406	349	10.48
653	317	11.31
658	308	11.66
596	302	12.40
442	300	12.52
365	246	13.14
174	160	12.60
95	89	11.81
44	40	11.31
0	0	10.91
0	0	10.59
0	0	10.13
0	0	9.39
0	0	8.46
0	0	8.26
0	0	7.36
0	0	7.54
0	0	7.47
0	0	7.48
61	56	7.47
153	136	7.70
210	193	9.03
400	265	10.02
481	311	10.67
348	320	11.67
326	302	12.17
605	338	12.27
402	342	12.82
417	305	13.18
301	251	12.98
156	145	12.51
66	63	11.92
20	19	11.33
0	0	9.98
0	0	9.71
0	0	9.13
0	0	8.42
0	0	8.05
0	0	7.34
0	0	7.03
0	0	6.47
0	0	6.19
0	0	6.00
100	66	5.93
146	134	7.63
271	210	8.97
407	265	10.52
555	284	11.29
592	325	12.57
745	254	12.81
687	293	12.99
514	338	13.52
445	302	13.12
444	219	13.21
351	150	12.87
135	116	12.40
51	44	11.12
0	0	10.50
0	0	9.34
0	0	8.34
0	0	6.89
0	0	5.63
0	0	5.41
0	0	5.27
0	0	5.29
0	0	5.10
0	0	4.99
34	33	5.61
128	118	6.59
101	97	7.27
134	129	8.10
278	259	8.95
289	270	9.54
253	239	10.92
189	181	11.48
193	184	11.95
185	176	12.48
148	141	12.73
87	84	13.37
78	74	13.48
10	10	14.09
0	0	14.02
0	0	14.35
0	0	13.84
0	0	14.46
0	0	14.76
0	0	14.36
0	0	14.04
0	0	13.57
0	0	13.51
0	0	14.04
27	26	14.19
95	90	14.74
82	79	15.53
132	127	16.38
151	145	17.13
102	99	17.99
654	324	17.90
445	369	18.65
317	293	19.13
383	309	19.03
238	220	19.17
215	188	18.82
123	113	18.04
27	25	17.67
0	0	17.36
0	0	17.33
0	0	16.88
0	0	16.02
0	0	16.14
0	0	15.24
0	0	15.17
0	0	15.09
0	0	14.57
10	4	14.55
107	71	15.01
207	144	16.21
426	151	18.24
551	191	19.54
679	198	21.03
751	217	21.69
724	279	22.39
765	235	23.03
737	205	23.60
605	226	23.69
527	164	23.19
386	131	23.03
226	97	21.50
89	41	20.55
0	0	19.51
0	0	18.22
0	0	16.92
0	0	16.00
0	0	15.36
0	0	14.15
0	0	13.32
0	0	13.28
0	0	13.44
12	5	13.51
110	73	14.09
284	109	15.01
304	214	16.70
552	193	18.03
725	152	19.94
748	221	21.42
800	212	21.82
799	204	22.15
678	260	22.29
626	211	22.00
445	227	22.02
344	164	21.03
184	119	19.55
93	41	17.44
0	0	16.05
0	0	14.74
0	0	13.45
0	0	12.28
0	0	10.95
0	0	10.43
0	0	10.16
0	0	10.85
0	0	10.26
5	5	11.01
54	51	11.72
143	131	13.40
345	205	14.71
544	202	16.83
663	218	18.16
721	249	19.15
716	289	20.47
763	242	21.33
692	251	22.07
605	231	22.60
481	207	22.92
343	168	22.63
240	91	21.88
40	38	20.71
0	0	18.74
0	0	17.58
0	0	16.31
0	0	15.31
0	0	15.01
0	0	14.05
0	0	14.41
0	0	14.34
0	0	14.89
11	9	14.52
66	61	15.18
187	149	16.09
410	172	17.55
385	278	18.76
373	324	20.16
618	322	21.80
702	301	21.64
605	348	22.07
644	289	22.38
392	313	22.43
519	179	22.31
387	138	21.70
145	124	20.69
63	53	19.67
0	0	18.84
0	0	18.03
0	0	17.42
0	0	16.52
0	0	16.59
0	0	15.96
0	0	15.54
0	0	15.56
0	0	15.75
11	10	15.80
78	72	16.10
158	144	17.25
283	220	17.61
304	274	18.80
563	293	19.39
234	221	20.19
316	294	20.45
479	375	20.59
442	353	20.28
359	310	20.54
369	258	20.33
157	146	19.63
141	124	18.99
59	53	18.27
0	0	17.66
0	0	16.59
0	0	15.26
0	0	14.68
0	0	13.99
0	0	13.98
0	0	14.35
0	0	15.09
0	0	14.55
12	11	14.61
73	67	14.66
195	152	15.42
170	159	16.07
108	105	16.31
387	328	16.44
324	300	17.43
110	107	17.56
531	372	17.07
339	312	17.50
305	281	16.92
176	167	16.48
256	198	16.67
156	127	16.38
70	56	15.96
0	0	15.01
0	0	15.14
0	0	14.25
0	0	14.03
0	0	13.46
0	0	13.77
0	0	13.65
0	0	13.26
0	0	13.24
10	9	13.54
62	58	13.77
145	134	14.17
301	221	15.85
586	175	17.06
630	254	18.72
408	358	19.87
264	249	19.69
499	376	19.69
386	346	19.63
469	308	20.52
378	259	20.61
219	195	19.90
193	125	18.78
89	55	17.58
0	0	17.03
0	0	16.16
0	0	15.24
0	0	14.12
0	0	13.80
0	0	13.26
0	0	12.31
0	0	12.21
0	0	11.81
2	2	11.66
12	11	11.16
48	47	10.76
99	95	11.01
88	86	11.57
56	55	11.84
147	142	11.37
134	130	11.76
152	147	11.70
117	114	11.33
111	107	10.83
83	81	10.52
74	71	10.21
36	36	10.00
20	20	9.16
0	0	9.09
0	0	8.56
0	0	8.34
0	0	8.05
0	0	8.47
0	0	8.07
0	0	8.70
0	0	8.56
0	0	8.32
21	16	7.74
65	61	8.35
138	128	9.62
287	224	10.91
376	284	12.20
334	307	13.37
558	353	13.95
560	373	14.22
444	375	14.37
490	354	14.62
320	293	14.68
334	265	14.33
96	92	13.26
82	78	12.78
56	52	11.13
0	0	10.99
0	0	10.92
0	0	9.51
0	0	8.82
0	0	8.23
0	0	7.28
0	0	7.98
0	0	8.75
0	0	8.73
12	12	8.68
17	17	9.07
47	46	9.85
57	56	10.31
156	149	11.22
322	296	11.70
208	198	12.93
345	320	13.20
383	352	12.87
426	355	12.82
379	317	13.21
213	199	13.31
217	197	12.98
73	70	12.39
9	9	11.72
0	0	11.85
0	0	11.99
0	0	11.23
0	0	11.14
0	0	11.13
0	0	11.09
0	0	11.53
0	0	11.07
0	0	12.23
33	16	12.27
150	76	12.32
164	150	13.25
488	121	14.96
345	285	16.22
401	333	17.32
630	326	17.93
776	254	18.59
498	379	19.13
607	321	19.74
421	319	20.62
327	266	20.85
195	180	20.43
163	133	19.63
55	51	18.42
0	0	17.77
0	0	17.19
0	0	16.77
0	0	15.96
0	0	15.91
0	0	14.55
0	0	14.30
0	0	13.85
0	0	13.33
15	14	12.96
120	88	13.43
178	156	14.30
233	213	15.40
302	276	17.06
195	186	17.71
361	332	18.24
292	274	18.51
624	350	18.18
506	355	17.95
354	314	17.22
285	260	17.99
211	193	18.26
202	131	17.59
51	48	16.92
0	0	16.14
0	0	14.74
0	0	13.81
0	0	12.80
0	0	12.05
0	0	11.61
0	0	11.20
0	0	10.72
0	0	11.19
9	9	10.44
54	51	10.86
58	57	11.52
121	116	12.67
369	288	14.13
646	252	15.70
627	330	16.56
596	367	16.73
488	381	17.13
541	348	17.33
374	318	17.78
363	268	17.42
281	204	16.32
212	130	16.09
88	65	15.06
0	0	14.40
0	0	13.09
0	0	12.19
0	0	11.38
0	0	10.82
0	0	9.89
0	0	9.53
0	0	8.93
0	0	8.47
17	16	9.05
86	79	9.68
207	161	10.75
330	225	12.03
629	148	13.74
559	307	15.11
616	336	16.49
568	376	17.60
504	381	18.09
509	356	18.99
560	281	19.51
306	266	20.73
285	205	19.84
203	134	19.38
39	37	18.44
0	0	17.18
0	0	15.85
0	0	14.62
0	0	14.39
0	0	14.03
0	0	13.35
0	0	12.72
0	0	12.52
0	0	12.51
38	21	12.24
93	85	12.77
320	114	14.30
416	190	15.60
578	200	17.34
699	209	18.20
755	241	19.46
835	202	19.65
793	236	20.75
672	287	20.09
629	236	20.81
558	171	20.73
362	180	19.80
180	138	18.66
100	66	17.50
0	0	16.01
0	0	14.34
0	0	12.94
0	0	11.61
0	0	10.47
0	0	10.29
0	0	10.28
0	0	10.70
0	0	10.89
35	24	10.99
104	91	11.04
260	153	11.74
399	202	13.22
554	221	15.50
627	270	16.61
613	340	17.92
642	352	18.58
722	298	19.11
567	343	19.36
501	309	19.62
387	268	19.89
310	203	19.49
142	130	18.55
51	48	18.00
8	5	17.17
0	0	16.58
0	0	16.31
0	0	15.84
0	0	15.09
0	0	14.52
0	0	14.20
0	0	13.82
0	0	13.78
21	20	14.16
77	72	14.19
202	163	14.59
335	227	15.28
331	287	16.88
397	336	17.94
575	355	18.13
463	384	18.67
432	377	18.57
488	361	19.33
333	305	19.26
137	132	18.97
156	147	18.82
133	122	18.05
8	8	17.32
7	6	15.90
0	0	15.71
0	0	14.76
0	0	14.07
0	0	14.19
0	0	13.88
0	0	13.47
0	0	12.99
0	0	13.10
4	4	12.63
80	74	12.87
139	129	13.47
347	225	14.74
310	283	15.34
376	333	15.85
487	371	16.32
386	354	16.55
525	382	17.02
677	288	16.93
305	282	17.23
412	264	17.13
109	104	16.43
125	116	15.20
41	39	13.91
8	7	13.04
0	0	11.94
0	0	10.65
0	0	10.54
0	0	9.38
0	0	8.55
0	0	7.82
0	0	7.37
0	0	6.06
54	19	5.66
180	73	6.30
377	67	6.76
523	100	8.73
599	187	10.65
692	222	12.30
811	191	13.98
875	164	15.19
824	211	16.23
796	181	17.02
665	212	17.28
569	168	17.22
396	166	16.44
246	126	14.88
105	71	13.48
13	7	11.97
0	0	10.78
0	0	9.29
0	0	8.55
0	0	7.18
0	0	6.20
0	0	5.78
0	0	5.56
0	0	5.18
23	21	5.28
142	93	5.23
300	138	6.65
412	200	8.24
598	189	10.25
733	183	12.62
715	281	14.60
770	272	14.64
733	295	15.34
799	180	15.36
703	175	15.86
564	175	15.51
460	111	15.23
279	105	13.40
121	68	12.16
9	9	10.70
0	0	9.55
0	0	8.41
0	0	7.38
0	0	7.25
0	0	7.32
0	0	7.54
0	0	7.75
0	0	8.16
24	23	8.88
154	91	8.98
242	164	10.09
393	211	11.09
510	255	13.11
630	274	15.03
759	245	16.58
851	194	17.98
844	193	18.11
682	288	18.29
561	289	18.73
439	258	18.58
415	155	18.45
272	113	17.33
102	74	16.47
5	5	16.32
0	0	15.67
0	0	14.31
0	0	12.88
0	0	12.05
0	0	11.08
0	0	10.93
0	0	11.18
0	0	11.35
29	27	11.28
65	61	11.45
128	120	12.26
281	233	14.07
383	293	15.56
398	338	16.62
688	303	17.79
725	309	18.46
732	297	18.86
772	211	18.68
644	234	18.44
381	274	18.69
276	213	18.30
182	145	17.21
104	75	15.71
9	8	14.98
0	0	13.67
0	0	12.86
0	0	11.93
0	0	11.39
0	0	10.10
0	0	9.46
0	0	9.32
0	0	8.69
25	23	8.98
143	96	8.75
163	150	9.37
340	231	10.46
520	252	10.86
638	270	12.33
629	338	13.35
800	249	14.64
817	224	15.47
649	311	15.67
546	299	15.22
588	157	14.45
279	214	12.93
130	121	11.29
105	76	10.12
16	12	9.49
0	0	8.02
0	0	6.20
0	0	5.34
0	0	4.29
0	0	3.76
0	0	3.11
0	0	2.84
0	0	2.79
23	22	2.90
146	96	3.07
202	167	3.79
360	226	5.81
548	234	7.61
609	290	9.88
691	302	11.35
678	340	11.53
812	230	12.91
802	182	13.47
651	231	13.45
534	207	12.99
272	215	12.54
202	146	11.82
87	76	10.74
14	13	10.09
0	0	8.88
0	0	8.22
0	0	7.03
0	0	6.64
0	0	5.90
0	0	5.48
0	0	4.78
0	0	4.50
24	22	5.12
91	84	5.93
105	99	6.34
317	235	7.70
328	289	8.97
629	278	9.57
676	313	9.59
295	277	10.76
193	185	11.38
590	342	11.54
498	318	11.61
476	246	11.69
384	184	11.19
249	134	10.70
69	64	9.75
16	14	8.42
0	0	7.76
0	0	7.70
0	0	7.68
0	0	7.35
0	0	6.98
0	0	6.67
0	0	6.85
0	0	6.75
34	31	6.76
109	98	7.22
163	150	8.24
407	208	10.06
469	278	11.15
619	285	11.73
702	296	12.39
623	367	13.10
692	328	13.91
570	350	14.82
415	329	14.85
421	269	14.88
289	216	14.48
117	110	14.07
63	59	12.97
12	11	12.16
0	0	11.10
0	0	10.35
0	0	10.30
0	0	9.65
0	0	8.96
0	0	8.43
0	0	8.10
0	0	8.24
31	28	8.11
188	79	9.00
323	130	9.97
454	177	11.60
601	193	13.39
686	235	15.06
818	191	16.77
874	174	17.89
824	221	18.38
722	263	17.98
622	258	17.58
482	245	16.82
430	153	15.83
282	117	15.17
138	71	13.98
20	16	13.13
0	0	12.78
0	0	12.27
0	0	11.57
0	0	9.95
0	0	10.44
0	0	10.52
0	0	10.38
0	0	9.90
56	31	10.37
161	95	10.81
238	169	11.42
458	175	13.46
549	236	15.81
755	168	17.05
704	296	18.51
703	328	19.37
728	305	20.06
625	329	19.52
581	286	20.05
492	241	19.99
428	157	19.54
267	128	18.55
72	67	16.83
23	16	15.12
0	0	13.97
0	0	12.98
0	0	12.61
0	0	12.30
0	0	12.21
0	0	12.39
0	0	12.23
0	0	12.06
68	24	11.88
193	77	12.27
287	154	13.64
426	199	15.52
560	229	17.70
712	212	19.85
771	241	21.66
814	239	22.85
784	261	23.82
784	208	24.50
717	174	25.29
606	149	25.35
438	150	25.07
214	149	24.16
118	81	22.69
14	13	22.08
0	0	20.93
0	0	20.50
0	0	19.99
0	0	19.56
0	0	18.60
0	0	18.09
0	0	18.38
0	0	18.55
47	34	18.56
124	101	18.78
224	171	19.56
293	237	20.85
537	245	22.76
526	330	24.75
618	346	25.43
767	282	26.19
685	335	26.60
794	199	27.10
648	241	27.60
483	248	27.50
334	212	27.06
214	150	25.58
74	69	24.92
19	17	23.82
0	0	22.79
0	0	21.88
0	0	21.36
0	0	21.32
0	0	20.80
0	0	20.33
0	0	19.26
0	0	18.83
23	22	18.05
125	102	18.39
171	157	18.75
173	163	19.66
340	293	20.93
165	159	21.66
613	348	21.73
699	331	21.93
397	364	22.28
329	305	22.32
384	328	22.28
350	281	21.50
122	116	21.37
24	23	20.64
48	46	19.57
18	17	18.90
0	0	18.22
0	0	17.44
0	0	17.27
0	0	16.63
0	0	15.97
0	0	15.64
0	0	16.24
0	0	15.59
25	23	16.19
179	89	16.15
168	154	16.99
321	237	18.01
716	127	19.16
488	339	20.52
343	318	21.00
440	385	21.28
561	383	21.25
510	367	21.42
395	330	21.29
327	279	21.02
332	214	20.34
235	147	19.47
33	32	18.03
13	12	16.96
0	0	15.99
0	0	15.55
0	0	14.88
0	0	14.32
0	0	14.03
0	0	13.03
0	0	13.38
0	0	13.41
8	8	13.49
55	53	13.94
126	118	14.00
148	141	14.45
218	204	15.16
148	143	15.19
234	222	15.92
154	149	16.14
335	311	16.02
417	364	16.81
212	201	17.32
106	102	17.69
169	158	16.99
120	112	16.63
36	35	15.77
9	8	15.28
0	0	15.32
0	0	15.49
0	0	15.00
0	0	15.71
0	0	15.13
0	0	14.68
0	0	14.23
0	0	13.86
42	36	13.98
53	51	14.76
242	170	15.47
277	236	16.63
444	288	17.86
699	226	19.21
656	328	20.43
661	354	21.16
655	352	20.72
703	284	20.80
603	277	20.30
499	243	20.48
380	197	19.56
134	124	18.68
122	84	17.06
24	21	16.07
0	0	15.86
0	0	15.01
0	0	14.55
0	0	13.56
0	0	12.46
0	0	11.57
0	0	11.39
0	0	11.95
68	28	12.09
145	102	12.03
363	100	13.63
497	144	15.22
565	227	16.90
627	283	17.97
681	314	19.03
769	283	19.98
672	344	21.15
612	339	21.46
571	296	21.52
564	196	21.42
352	210	20.27
246	146	18.77
95	85	17.25
30	21	16.13
0	0	15.14
0	0	14.82
0	0	14.34
0	0	14.00
0	0	13.45
0	0	13.36
0	0	12.09
0	0	11.95
57	35	11.71
191	83	11.82
344	118	12.47
442	190	13.88
560	231	15.15
653	265	17.25
710	294	18.35
807	250	18.69
718	316	19.45
661	314	19.74
625	264	19.59
490	249	19.00
343	214	18.14
262	140	17.21
117	87	16.04
34	21	14.97
0	0	13.82
0	0	12.79
0	0	12.62
0	0	12.41
0	0	11.77
0	0	11.53
0	0	12.04
0	0	11.42
14	14	11.35
58	55	10.98
63	61	11.34
30	30	11.72
125	121	11.85
217	206	12.00
216	206	12.97
438	385	12.75
394	362	12.97
402	361	13.13
40	40	12.84
225	210	12.86
143	136	12.84
89	85	12.72
93	85	12.60
3	3	12.45
0	0	12.06
0	0	12.11
0	0	11.60
0	0	11.72
0	0	11.30
0	0	11.15
0	0	10.48
0	0	9.89
39	35	9.69
104	95	11.11
239	171	12.00
295	238	13.67
532	250	14.73
701	225	16.50
698	303	17.35
702	332	17.93
498	390	18.94
579	353	19.52
480	330	19.49
170	162	18.99
71	69	18.86
40	39	17.55
74	69	16.58
32	23	16.32
0	0	15.59
0	0	14.97
0	0	14.75
0	0	14.09
0	0	13.70
0	0	13.43
0	0	13.08
0	0	12.88
54	36	13.26
183	88	14.05
281	159	14.51
427	200	15.93
554	235	18.30
701	225	20.26
790	225	21.58
837	222	22.68
824	228	23.30
787	212	23.70
643	252	24.31
566	199	23.96
399	191	23.15
262	143	21.75
156	76	20.15
30	24	18.65
0	0	18.00
0	0	16.55
0	0	15.01
0	0	14.08
0	0	13.43
0	0	13.61
0	0	13.00
0	0	13.08
48	37	12.59
190	84	13.59
367	96	14.47
428	199	16.56
587	210	18.34
547	324	20.23
766	248	21.64
800	257	22.63
773	276	22.67
705	285	22.98
772	137	23.89
539	221	24.21
369	207	23.77
212	157	22.95
110	89	22.18
31	24	20.98
0	0	19.72
0	0	19.37
0	0	18.47
0	0	18.32
0	0	17.92
0	0	17.51
0	0	16.96
0	0	16.55
46	37	16.31
162	98	16.37
183	167	16.97
245	224	17.58
378	296	18.46
335	308	19.78
395	361	19.96
733	311	20.05
338	314	20.05
555	361	20.97
630	263	20.89
324	281	20.93
260	222	20.11
146	135	19.17
112	89	17.88
14	13	16.84
0	0	15.79
0	0	14.28
0	0	13.70
0	0	13.11
0	0	12.64
0	0	12.47
0	0	12.20
0	0	12.16
49	37	11.85
150	101	12.19
348	114	12.72
463	174	14.26
575	219	15.99
676	246	17.39
820	194	19.46
846	211	20.28
787	265	20.62
770	230	21.56
690	214	21.74
577	192	21.42
444	160	21.09
267	143	20.01
144	84	18.95
37	24	16.79
0	0	15.60
0	0	14.68
0	0	13.91
0	0	13.25
0	0	12.77
0	0	12.74
0	0	13.02
0	0	13.03
45	37	14.04
194	80	14.54
231	171	15.81
423	202	16.95
553	235	19.25
602	298	20.96
563	366	21.68
681	344	21.46
600	376	22.63
617	339	24.05
554	308	24.80
441	274	24.93
362	211	24.21
296	125	23.50
144	84	22.43
25	23	21.95
0	0	20.94
0	0	19.93
0	0	19.33
0	0	19.18
0	0	18.97
0	0	18.32
0	0	18.33
0	0	18.11
33	30	18.70
86	80	18.49
207	171	19.59
333	235	21.12
411	294	23.13
591	303	24.16
728	280	24.83
730	313	25.94
735	307	26.73
729	268	27.34
675	228	26.95
519	237	27.20
360	212	26.50
265	144	25.20
120	90	24.05
38	25	22.80
0	0	22.13
0	0	21.02
0	0	20.64
0	0	19.72
0	0	18.98
0	0	18.20
0	0	17.66
0	0	17.17
53	36	17.09
218	59	16.61
358	104	17.58
446	186	19.06
614	183	20.60
706	218	22.00
742	268	23.12
770	283	23.71
847	207	24.19
782	220	24.91
697	208	25.41
482	258	24.95
425	177	23.80
226	157	22.34
127	90	20.55
42	24	19.10
0	0	18.54
0	0	16.90
0	0	15.39
0	0	15.17
0	0	14.67
0	0	13.92
0	0	12.91
0	0	12.52
54	35	12.59
155	99	12.33
311	141	13.71
459	175	15.59
634	162	17.88
768	153	20.12
836	175	20.72
855	201	22.50
834	220	23.42
747	253	23.63
655	245	23.48
506	245	22.88
419	182	22.16
303	122	21.36
145	86	20.63
38	25	19.26
0	0	18.51
0	0	16.56
0	0	15.80
0	0	15.21
0	0	13.96
0	0	13.48
0	0	12.63
0	0	12.55
41	36	12.23
155	99	12.12
204	170	12.98
333	234	15.22
379	295	15.78
549	322	17.41
596	355	18.57
680	344	19.86
673	345	20.36
775	227	20.43
700	206	20.87
468	265	20.79
392	198	19.31
216	159	18.49
107	90	17.76
32	26	16.72
0	0	15.65
0	0	14.31
0	0	13.60
0	0	13.42
0	0	13.31
0	0	13.92
0	0	14.02
0	0	14.00
43	36	13.97
84	79	14.70
260	164	15.57
368	225	16.92
460	281	18.32
217	206	19.49
452	374	20.65
681	344	20.69
430	383	21.83
314	292	22.19
274	256	22.70
417	281	22.95
156	147	22.99
109	103	22.66
77	71	22.39
19	18	21.90
0	0	21.76
0	0	21.13
0	0	20.83
0	0	20.34
0	0	19.46
0	0	19.10
0	0	18.63
0	0	17.85
27	26	17.29
135	101	18.30
291	151	19.16
330	234	19.38
451	284	21.21
326	301	22.24
637	337	22.97
690	338	22.69
242	229	23.52
305	285	23.77
518	323	23.86
404	284	23.67
234	214	23.57
105	99	22.96
69	65	21.87
3	3	20.80
0	0	19.59
0	0	18.90
0	0	18.43
0	0	18.26
0	0	17.66
0	0	17.19
0	0	16.90
0	0	15.55
37	34	15.43
87	80	15.18
201	169	15.72
314	235	16.35
438	287	18.05
420	341	19.46
502	375	20.29
719	319	20.74
386	355	21.07
475	371	21.65
458	335	21.08
524	236	20.85
419	182	20.20
220	159	19.31
115	91	18.02
34	26	16.58
0	0	15.89
0	0	15.01
0	0	14.88
0	0	14.33
0	0	14.69
0	0	14.18
0	0	14.71
0	0	15.09
37	33	15.41
36	35	15.35
128	120	16.21
154	146	17.18
378	294	18.46
545	322	19.86
478	375	20.24
341	317	20.13
293	275	20.65
419	366	21.57
224	212	22.20
258	239	22.56
104	100	22.86
222	159	22.57
51	49	21.80
17	16	21.63
0	0	21.56
0	0	20.97
0	0	21.01
0	0	20.84
0	0	20.66
0	0	19.97
0	0	18.94
0	0	18.49
40	34	19.09
96	88	19.81
74	71	19.53
334	232	19.92
389	293	20.76
363	331	21.43
306	285	21.51
512	391	22.07
282	266	21.99
406	363	21.51
444	336	21.76
354	286	21.70
204	189	20.70
92	88	20.67
56	53	19.75
15	15	18.90
0	0	18.07
0	0	17.29
0	0	17.34
0	0	16.85
0	0	16.73
0	0	16.03
0	0	15.77
0	0	15.67
30	28	15.97
69	65	16.22
119	112	16.59
293	234	17.52
298	273	19.03
656	256	19.73
735	270	20.82
642	361	20.96
712	321	20.92
568	358	21.21
419	336	21.23
453	271	21.43
318	225	20.61
210	160	19.36
163	77	18.12
41	25	16.82
0	0	15.89
0	0	15.54
0	0	14.39
0	0	13.78
0	0	13.70
0	0	14.20
0	0	14.24
0	0	14.55
22	21	14.08
112	98	14.06
65	63	14.20
262	230	14.69
271	250	16.04
283	264	16.34
393	359	17.70
478	390	18.46
472	389	18.33
730	267	18.49
530	319	17.85
453	271	17.59
410	189	17.35
222	159	17.18
77	72	16.57
18	17	15.45
0	0	15.09
0	0	15.00
0	0	14.69
0	0	14.31
0	0	13.81
0	0	13.95
0	0	13.88
0	0	13.07
48	32	12.80
130	99	13.02
280	152	13.74
363	223	15.21
512	254	17.32
660	252	19.54
706	291	20.20
796	256	20.93
791	258	20.77
785	216	21.26
615	275	21.31
483	258	20.90
339	220	19.99
282	137	19.18
167	75	17.58
35	26	16.13
0	0	14.60
0	0	14.26
0	0	12.93
0	0	12.19
0	0	11.50
0	0	10.92
0	0	10.67
0	0	10.75
64	23	10.98
153	94	11.82
220	166	12.35
431	188	13.15
528	244	14.99
614	284	16.37
706	290	17.18
826	228	17.56
752	291	18.15
719	274	18.75
695	210	18.96
528	232	18.24
386	202	17.33
311	117	16.46
137	88	14.80
28	25	13.28
0	0	11.74
0	0	10.78
0	0	10.19
0	0	12.27
0	0	11.62
0	0	10.95
0	0	10.48
0	0	10.82
36	31	10.79
192	69	10.62
310	132	11.36
466	159	12.62
557	222	13.89
662	249	15.67
795	212	16.70
819	233	17.71
777	270	18.15
697	291	18.25
674	229	18.70
544	220	17.74
394	197	17.11
218	159	15.43
131	90	13.24
35	26	11.46
0	0	9.85
0	0	9.02
0	0	8.26
0	0	8.25
0	0	7.88
0	0	7.82
0	0	8.08
0	0	8.23
33	30	8.50
136	96	8.72
303	135	10.03
380	214	11.36
462	275	12.23
405	337	13.17
527	369	14.45
580	380	15.05
640	359	15.24
622	336	15.90
413	335	16.34
344	285	16.53
247	221	16.37
42	41	16.19
51	49	15.09
4	4	14.76
0	0	14.43
0	0	14.12
0	0	13.79
0	0	13.31
0	0	12.91
0	0	13.37
0	0	12.82
0	0	13.07
16	15	13.31
78	73	13.79
103	98	14.63
169	159	15.45
227	213	16.88
88	86	17.50
337	312	17.87
319	298	18.70
304	285	19.76
534	365	20.37
657	243	19.81
448	272	20.88
218	201	20.77
203	159	20.24
62	58	19.68
27	24	18.95
0	0	18.34
0	0	18.36
0	0	17.92
0	0	18.51
0	0	18.27
0	0	17.89
0	0	17.86
0	0	17.52
14	13	18.76
60	57	18.97
64	62	19.81
227	209	20.63
487	263	21.81
463	337	22.48
595	350	23.66
482	389	23.60
640	358	23.70
523	366	23.76
546	311	23.05
266	245	22.50
316	224	22.03
161	147	21.44
107	90	20.70
41	23	19.78
0	0	19.04
0	0	18.64
0	0	18.01
0	0	17.37
0	0	16.84
0	0	16.84
0	0	16.68
0	0	16.37
42	28	16.49
103	92	16.93
251	157	18.06
430	182	19.10
335	286	21.37
567	306	22.91
429	368	23.53
510	389	23.87
414	377	23.93
499	369	24.34
522	319	24.69
486	255	24.35
492	115	24.45
271	141	23.75
133	88	23.30
33	24	22.45
0	0	21.98
0	0	21.25
0	0	20.52
0	0	20.17
0	0	19.48
0	0	18.84
0	0	18.87
0	0	18.71
40	28	18.65
113	94	19.10
237	160	19.14
340	224	19.65
400	287	21.42
506	328	22.54
679	304	23.97
633	360	24.65
742	295	25.53
718	273	25.65
501	325	25.84
523	233	25.59
395	195	23.97
282	134	23.27
90	83	22.47
5	5	21.91
0	0	20.91
0	0	19.79
0	0	19.11
0	0	18.51
0	0	17.97
0	0	18.13
0	0	18.15
0	0	18.39
18	17	18.48
48	46	18.06
204	162	17.99
267	227	19.00
278	256	20.01
314	290	21.14
145	141	21.49
408	373	22.16
195	187	21.90
227	216	22.28
316	291	22.78
364	285	23.04
275	224	22.75
204	158	22.82
105	88	22.06
20	18	21.38
0	0	20.97
0	0	20.18
0	0	19.84
0	0	19.34
0	0	19.05
0	0	18.44
0	0	17.66
0	0	16.57
44	24	16.73
170	75	17.07
278	143	18.21
450	162	20.26
606	170	21.96
760	142	23.58
822	174	24.63
798	248	24.99
842	201	24.93
775	220	25.02
638	254	25.84
547	214	26.33
331	219	25.54
214	157	24.47
141	83	23.63
36	22	22.39
0	0	21.34
0	0	20.16
0	0	20.10
0	0	19.22
0	0	18.63
0	0	18.02
0	0	18.00
0	0	17.70
43	23	16.99
197	50	16.77
277	142	17.11
476	137	18.43
619	155	20.87
758	142	22.47
821	174	23.52
891	158	23.95
861	179	24.28
785	209	24.18
736	161	24.53
610	156	24.27
392	195	23.23
278	134	21.67
153	76	20.05
37	20	18.62
0	0	17.19
0	0	15.77
0	0	14.17
0	0	13.02
0	0	12.50
0	0	13.19
0	0	13.44
0	0	12.96
40	23	14.06
130	89	14.63
297	128	15.47
463	148	17.01
453	271	18.85
637	258	21.14
743	251	22.03
789	253	22.29
761	277	22.76
774	218	23.73
656	239	23.91
562	200	23.81
366	206	23.30
240	150	22.65
111	87	20.80
29	22	19.97
0	0	18.95
0	0	18.09
0	0	17.04
0	0	16.46
0	0	16.36
0	0	15.61
0	0	15.42
0	0	15.47
39	22	15.37
100	88	15.63
252	150	16.36
393	197	18.20
545	218	20.03
649	247	21.39
698	286	22.53
805	237	23.10
852	187	24.03
828	159	25.07
710	187	24.89
618	145	24.64
431	166	23.87
298	119	22.49
146	78	21.24
30	21	19.88
0	0	18.84
0	0	17.60
0	0	17.45
0	0	17.34
0	0	16.61
0	0	16.18
0	0	15.74
0	0	15.58
12	12	15.40
79	74	15.97
96	91	16.38
309	224	17.74
363	285	18.47
332	305	18.80
579	350	19.60
335	311	19.38
510	385	18.87
429	364	19.04
472	328	18.76
381	282	18.37
395	190	17.82
197	155	17.17
77	72	16.19
11	11	15.71
0	0	14.80
0	0	14.48
0	0	14.01
0	0	14.29
0	0	13.56
0	0	13.86
0	0	13.70
0	0	13.99
30	22	14.97
141	82	15.91
226	155	16.64
421	176	18.31
486	253	19.80
539	311	21.13
611	336	22.70
628	358	23.47
728	299	23.71
750	238	23.86
612	269	24.25
564	195	24.07
452	146	23.84
229	151	23.70
88	81	22.81
12	11	21.71
0	0	21.14
0	0	19.98
0	0	19.43
0	0	18.75
0	0	18.24
0	0	18.90
0	0	18.66
0	0	18.25
4	4	18.34
68	64	18.99
104	98	20.03
187	174	20.30
256	237	21.21
272	253	22.50
341	315	23.72
731	297	24.33
459	383	25.15
461	366	25.12
285	265	24.97
320	278	25.01
223	205	24.92
192	154	24.20
67	63	23.60
19	17	22.69
0	0	21.72
0	0	20.79
0	0	19.93
0	0	19.30
0	0	18.85
0	0	18.89
0	0	18.72
0	0	18.64
18	16	18.91
106	86	18.92
187	155	20.19
329	217	21.69
419	276	23.11
564	297	24.26
530	361	24.64
577	373	25.18
722	301	25.66
706	273	26.04
365	324	26.20
455	262	26.28
319	217	25.79
275	129	24.82
104	84	24.19
28	17	23.20
0	0	22.36
0	0	22.01
0	0	21.40
0	0	21.04
0	0	20.68
0	0	20.22
0	0	20.05
0	0	19.52
33	17	19.51
132	81	18.89
268	135	18.94
221	203	19.53
376	282	20.51
697	196	21.48
401	358	21.56
547	379	21.89
282	265	21.59
464	365	21.71
327	301	21.49
292	267	20.77
291	220	19.89
227	149	18.72
125	80	17.78
21	17	16.88
0	0	15.54
0	0	14.83
0	0	14.08
0	0	13.78
0	0	13.32
0	0	13.07
0	0	12.94
0	0	13.12
28	17	12.91
85	78	12.95
179	152	14.18
351	209	15.42
420	274	16.49
461	328	17.76
372	341	19.20
680	328	20.22
665	336	21.47
602	335	21.81
401	329	21.47
347	280	20.87
344	208	21.06
248	141	20.29
76	70	18.83
15	14	18.24
0	0	17.03
0	0	16.28
0	0	15.57
0	0	15.45
0	0	15.54
0	0	15.73
0	0	15.96
0	0	16.34
13	12	16.88
87	80	17.12
147	135	17.84
205	190	19.04
418	273	20.60
568	291	21.10
577	345	22.10
558	376	22.57
674	329	22.89
431	362	23.03
437	329	22.95
428	269	23.33
339	209	22.42
147	135	21.96
83	76	20.98
11	11	19.83
0	0	18.63
0	0	17.80
0	0	17.57
0	0	17.50
0	0	17.43
0	0	16.92
0	0	16.40
0	0	16.13
26	15	16.25
169	51	16.25
264	132	17.24
467	124	18.83
623	129	21.04
722	164	22.40
763	219	23.67
796	234	24.93
752	273	26.41
718	258	26.68
707	177	26.73
556	193	26.77
384	188	26.27
270	126	25.25
148	65	23.76
22	14	22.64
0	0	21.65
0	0	20.63
0	0	19.64
0	0	19.97
0	0	19.20
0	0	19.35
0	0	19.14
0	0	18.91
9	9	18.52
149	65	19.12
286	116	20.24
413	169	21.29
597	155	22.91
717	168	25.08
816	160	26.36
866	157	27.20
852	172	28.09
810	165	28.52
756	134	29.15
607	141	28.70
426	157	27.92
292	108	26.09
149	62	24.36
22	12	22.22
0	0	20.50
0	0	18.62
0	0	17.54
0	0	16.53
0	0	16.19
0	0	16.04
0	0	15.61
0	0	15.80
16	14	15.72
137	70	16.23
235	142	17.07
244	214	18.19
480	245	19.26
600	268	20.31
601	332	21.72
607	358	22.41
607	358	23.39
436	361	23.62
496	316	24.09
311	273	24.08
242	213	23.43
119	111	22.45
81	74	21.19
12	11	20.81
0	0	20.06
0	0	19.13
0	0	18.75
0	0	18.05
0	0	17.91
0	0	18.03
0	0	17.65
0	0	17.51
8	8	17.42
66	61	18.05
126	118	18.38
333	208	19.61
366	277	21.53
741	136	22.19
748	228	23.60
473	380	24.37
618	353	24.77
468	361	24.63
317	292	24.89
275	253	24.87
207	191	24.89
180	147	23.37
84	75	22.51
4	4	21.61
0	0	20.99
0	0	20.06
0	0	19.86
0	0	19.72
0	0	18.85
0	0	18.44
0	0	17.88
0	0	18.10
8	7	18.56
110	76	18.34
314	83	19.19
355	198	20.39
460	252	21.92
505	312	23.54
644	307	24.59
667	327	24.28
707	302	24.29
678	284	24.09
676	201	24.31
522	213	24.36
322	208	23.33
205	145	22.18
95	76	20.44
13	10	19.82
0	0	18.73
0	0	17.57
0	0	16.54
0	0	15.21
0	0	15.41
0	0	15.63
0	0	16.03
0	0	14.94
15	10	15.09
58	55	15.12
176	146	16.24
334	205	17.60
473	244	20.02
673	204	21.60
736	235	22.41
813	208	23.05
685	315	23.73
598	329	24.11
567	282	24.76
419	265	25.45
321	207	25.02
190	145	24.46
58	55	23.44
15	8	22.40
0	0	20.98
0	0	21.08
0	0	20.01
0	0	19.45
0	0	18.90
0	0	18.47
0	0	18.47
0	0	17.96
18	7	18.16
107	74	18.68
218	141	20.14
386	178	21.65
542	195	23.66
622	246	25.51
718	249	27.07
738	275	27.30
665	326	27.59
763	206	27.54
574	277	27.91
549	187	27.68
414	156	27.04
250	126	26.40
89	73	26.10
8	8	25.11
0	0	24.38
0	0	23.81
0	0	23.18
0	0	22.71
0	0	21.58
0	0	21.44
0	0	20.86
0	0	20.75
11	8	20.61
122	68	20.51
187	144	21.16
381	179	22.38
525	206	23.82
664	208	24.37
724	242	24.94
794	222	25.60
823	192	25.75
766	200	25.78
659	211	25.88
564	171	25.65
394	168	24.97
260	118	23.42
109	70	22.17
13	5	20.71
0	0	19.35
0	0	18.41
0	0	16.92
0	0	15.45
0	0	14.72
0	0	15.08
0	0	15.09
0	0	14.74
12	6	14.26
68	63	14.48
184	143	15.57
340	198	16.18
439	255	17.72
520	302	19.61
682	275	20.71
709	294	21.71
779	235	21.99
678	277	22.14
652	215	22.18
518	208	21.83
403	159	20.96
231	132	20.29
112	67	19.12
10	5	18.27
0	0	16.90
0	0	15.88
0	0	15.07
0	0	14.32
0	0	13.92
0	0	13.66
0	0	13.10
0	0	12.49
11	5	12.59
83	70	12.56
228	133	13.97
383	173	15.35
500	221	16.37
635	229	18.18
666	284	19.57
759	252	20.13
800	212	21.13
687	268	21.82
624	236	22.58
558	171	22.70
311	204	22.11
159	138	21.52
108	66	20.24
8	4	18.00
0	0	17.05
0	0	15.78
0	0	15.25
0	0	15.16
0	0	14.66
0	0	14.19
0	0	14.01
0	0	14.33
2	2	13.70
9	9	14.43
40	39	14.70
98	94	15.10
125	120	15.49
134	129	16.28
137	132	16.49
272	255	16.47
286	268	16.43
190	182	16.71
156	149	17.45
159	151	17.45
156	146	17.37
82	78	17.13
29	28	16.84
0	0	16.36
0	0	15.83
0	0	15.29
0	0	15.43
0	0	15.46
0	0	15.20
0	0	14.81
0	0	14.92
0	0	15.27
0	0	15.04
100	67	15.46
226	130	16.28
367	179	17.02
333	269	17.63
470	313	18.77
417	353	19.50
332	308	19.75
702	293	20.18
537	344	20.16
465	313	20.71
261	241	20.38
146	137	19.68
72	69	19.07
12	12	18.52
0	0	17.58
0	0	17.03
0	0	16.83
0	0	15.89
0	0	15.81
0	0	15.93
0	0	15.95
0	0	15.39
0	0	14.80
0	0	14.35
103	65	14.14
173	138	15.16
413	144	16.83
494	219	18.40
575	267	20.40
584	326	21.14
587	354	21.74
712	284	22.51
753	201	22.89
569	269	23.08
421	254	22.67
278	205	22.24
185	136	21.32
53	49	20.02
0	0	18.35
0	0	16.77
0	0	15.82
0	0	14.79
0	0	14.61
0	0	14.61
0	0	14.38
0	0	14.25
0	0	14.46
0	0	15.15
53	49	15.55
127	118	16.63
263	206	18.21
447	243	19.78
614	237	20.76
444	353	21.86
438	369	21.99
533	367	21.91
565	332	22.61
514	295	22.77
381	263	22.75
271	204	22.67
168	135	21.08
58	54	20.01
0	0	19.64
0	0	18.78
0	0	17.52
0	0	17.08
0	0	16.09
0	0	15.58
0	0	14.59
0	0	14.82
0	0	15.48
0	0	15.72
79	64	15.90
147	132	16.76
229	201	18.01
322	266	19.31
461	312	20.08
500	349	20.76
205	196	21.12
451	370	21.53
619	304	21.31
429	315	21.64
411	254	22.20
183	169	21.63
131	120	20.87
79	62	20.17
0	0	19.61
0	0	19.11
0	0	18.74
0	0	17.58
0	0	16.91
0	0	15.37
0	0	13.82
0	0	13.04
0	0	13.25
0	0	13.58
111	55	13.61
252	106	14.04
320	194	15.54
415	253	18.14
549	277	19.80
731	217	20.96
879	156	21.31
841	151	21.80
643	287	21.81
535	282	22.11
402	255	22.15
254	201	21.79
193	130	20.71
49	46	20.06
0	0	18.97
0	0	17.19
0	0	16.67
0	0	16.01
0	0	15.53
0	0	15.51
0	0	15.11
0	0	14.91
0	0	15.12
0	0	15.86
89	61	16.72
164	133	16.88
260	202	18.10
458	232	19.81
518	290	21.12
572	325	22.64
657	314	23.29
635	326	23.89
631	293	24.36
419	313	24.96
349	262	24.86
366	164	24.55
271	81	23.60
57	53	21.84
0	0	21.22
0	0	20.17
0	0	19.73
0	0	19.58
0	0	19.27
0	0	18.67
0	0	18.17
0	0	18.19
0	0	18.34
0	0	17.93
11	10	18.32
55	53	18.70
75	73	19.51
220	205	20.11
147	141	21.07
296	276	21.45
352	324	21.66
385	352	21.54
466	348	21.12
302	278	21.21
221	206	21.31
124	118	20.76
103	96	20.56
5	5	19.88
0	0	19.38
0	0	18.93
0	0	18.31
0	0	17.53
0	0	17.54
0	0	16.85
0	0	15.86
0	0	15.74
0	0	15.11
0	0	15.47
71	59	16.35
211	122	16.73
240	199	17.98
329	262	18.71
347	307	20.02
424	348	20.16
488	367	20.15
591	343	19.95
608	302	19.87
389	311	19.76
427	240	19.76
395	136	19.26
196	123	18.00
79	55	16.90
0	0	16.02
0	0	15.08
0	0	14.33
0	0	13.48
0	0	12.62
0	0	12.77
0	0	12.89
0	0	12.92
0	0	12.27
0	0	12.07
32	31	12.91
101	95	13.47
277	198	14.22
395	253	15.93
329	300	16.61
492	344	17.94
581	346	18.02
581	345	18.86
580	315	19.29
252	235	18.93
290	255	19.15
228	194	18.52
123	113	17.94
43	41	17.11
0	0	16.09
0	0	14.63
0	0	13.71
0	0	12.87
0	0	12.93
0	0	12.99
0	0	12.78
0	0	12.65
0	0	12.23
0	0	12.28
31	30	12.62
144	126	12.73
211	192	13.43
259	238	14.06
336	303	15.16
339	312	16.66
167	160	17.01
239	226	17.52
674	253	17.38
546	265	17.18
414	241	17.00
276	192	16.71
206	114	16.61
68	52	15.91
0	0	14.46
0	0	14.56
0	0	13.69
0	0	13.74
0	0	13.96
0	0	14.81
0	0	14.73
0	0	14.60
0	0	14.35
0	0	14.09
5	5	13.76
64	62	13.74
144	135	14.71
329	259	15.27
340	303	16.76
353	323	17.22
408	358	17.41
372	341	17.63
403	341	18.16
198	187	18.11
94	91	17.54
21	21	17.10
70	67	16.44
42	39	16.09
0	0	15.93
0	0	15.88
0	0	15.58
0	0	15.22
0	0	14.68
0	0	14.08
0	0	13.59
0	0	13.08
0	0	13.08
0	0	13.43
56	51	13.87
190	121	14.60
308	185	15.91
378	253	17.74
504	286	19.77
646	272	21.32
723	253	22.49
698	272	22.89
795	141	23.02
583	235	22.97
500	183	22.89
397	119	22.38
177	118	21.55
29	27	19.94
0	0	19.18
0	0	18.04
0	0	17.04
0	0	16.28
0	0	15.61
0	0	15.37
0	0	14.91
0	0	14.93
0	0	14.62
0	0	14.60
78	50	14.91
204	114	15.21
297	187	16.85
146	139	18.14
156	150	19.54
499	338	19.64
651	303	19.73
681	282	20.25
516	331	20.95
552	253	21.38
310	252	21.41
119	113	20.64
102	95	19.49
41	38	18.32
0	0	17.53
0	0	16.42
0	0	15.42
0	0	14.13
0	0	13.73
0	0	13.88
0	0	13.34
0	0	13.47
0	0	13.25
0	0	13.86
91	42	15.02
227	99	15.35
295	186	16.91
378	249	18.05
529	270	20.02
709	214	20.76
779	193	20.99
708	258	21.30
626	277	21.67
531	264	21.77
483	189	21.65
302	176	21.61
191	109	21.03
32	30	20.38
0	0	19.18
0	0	17.94
0	0	17.47
0	0	17.13
0	0	16.06
0	0	15.46
0	0	14.86
0	0	14.83
0	0	14.36
0	0	14.71
74	47	14.51
123	113	15.58
217	189	16.34
333	254	17.68
386	305	19.09
619	283	20.21
595	329	21.35
695	266	21.54
572	306	21.95
571	235	22.20
342	249	22.46
403	99	21.94
197	103	21.00
36	34	19.93
0	0	19.65
0	0	18.74
0	0	18.20
0	0	17.57
0	0	16.59
0	0	16.72
0	0	16.13
0	0	16.21
0	0	15.79
0	0	16.11
58	47	16.03
174	118	16.89
433	77	19.48
562	119	21.85
708	125	23.38
780	138	24.39
808	153	25.49
830	147	26.04
786	139	26.63
698	124	27.39
554	112	27.57
361	133	26.57
208	93	24.98
75	33	23.56
0	0	22.47
0	0	20.92
0	0	19.77
0	0	19.03
0	0	18.38
0	0	17.18
0	0	17.44
0	0	17.35
0	0	16.93
0	0	16.62
80	40	16.82
193	110	18.39
376	131	20.33
535	144	22.62
725	128	24.62
742	171	25.94
801	158	26.50
768	192	27.31
775	137	27.53
672	131	27.21
496	167	26.80
375	117	25.60
125	110	24.37
57	38	22.73
0	0	21.35
0	0	20.58
0	0	19.31
0	0	18.20
0	0	17.19
0	0	16.74
0	0	16.02
0	0	15.49
0	0	15.19
0	0	15.68
45	42	15.94
117	108	15.91
323	166	17.24
498	176	18.66
601	211	19.75
473	335	20.31
454	356	21.43
479	354	21.56
719	184	22.10
511	263	21.70
361	239	21.77
198	177	20.89
87	82	19.62
41	36	18.10
0	0	16.74
0	0	15.95
0	0	15.73
0	0	15.17
0	0	14.52
0	0	14.41
0	0	14.50
0	0	14.67
0	0	14.66
0	0	14.56
61	42	15.09
183	110	15.86
320	165	16.53
326	249	17.95
265	245	19.33
404	335	20.46
304	282	20.97
432	353	20.80
562	301	20.85
365	295	20.51
277	240	20.30
281	170	20.47
94	87	19.87
28	26	18.46
0	0	18.16
0	0	17.14
0	0	16.29
0	0	15.62
0	0	16.15
0	0	16.06
0	0	15.69
0	0	15.19
0	0	15.41
0	0	15.32
43	40	16.10
56	54	16.71
107	102	18.17
287	246	18.98
298	273	20.09
93	91	21.04
564	332	21.50
718	230	21.76
630	256	22.15
393	294	22.30
197	184	22.38
341	133	21.54
139	106	20.27
34	31	19.20
0	0	18.16
0	0	17.30
0	0	17.09
0	0	16.23
0	0	15.91
0	0	14.89
0	0	14.06
0	0	13.86
0	0	13.80
0	0	13.86
47	40	14.07
145	113	15.27
267	180	17.10
340	245	18.86
592	209	20.49
728	172	21.34
720	228	22.29
733	213	22.91
709	183	23.51
539	237	23.63
436	198	23.26
248	173	22.48
148	102	21.35
37	31	19.90
0	0	18.74
0	0	16.64
0	0	15.38
0	0	14.19
0	0	13.40
0	0	12.59
0	0	12.27
0	0	11.54
0	0	11.52
0	0	11.71
35	32	11.97
107	99	13.14
265	179	14.78
324	245	16.68
493	271	18.32
551	305	19.40
501	346	19.93
589	315	20.48
472	324	20.85
431	284	20.73
444	189	20.48
331	132	19.87
187	82	18.55
50	25	17.82
0	0	16.55
0	0	16.05
0	0	15.36
0	0	15.04
0	0	14.60
0	0	13.88
0	0	12.93
0	0	12.61
0	0	12.40
0	0	12.52
27	25	12.49
117	107	13.64
172	158	14.79
365	237	16.55
534	247	18.03
683	210	19.67
643	284	19.90
673	259	20.31
592	273	20.58
447	277	20.44
461	172	20.45
294	151	19.70
193	74	18.50
43	24	17.89
0	0	16.69
0	0	15.95
0	0	15.63
0	0	14.79
0	0	14.29
0	0	13.69
0	0	13.78
0	0	13.29
0	0	13.17
0	0	13.42
24	23	13.84
107	99	14.96
224	179	15.67
365	236	17.10
433	288	18.68
683	206	19.55
639	283	20.28
655	269	20.74
616	253	20.90
484	260	20.80
366	223	21.28
255	164	20.91
89	82	20.26
43	21	18.71
0	0	17.75
0	0	16.55
0	0	15.66
0	0	14.70
0	0	13.97
0	0	13.47
0	0	13.48
0	0	13.27
0	0	12.98
0	0	13.39
27	25	13.93
109	99	14.38
120	113	15.53
184	172	16.84
467	276	17.60
141	136	18.18
433	346	19.04
393	340	19.82
331	303	20.29
251	233	20.27
406	202	20.17
246	163	20.26
131	94	19.59
29	22	19.07
0	0	17.71
0	0	17.26
0	0	16.62
0	0	15.79
0	0	15.51
0	0	15.03
0	0	15.03
0	0	14.47
0	0	14.14
0	0	14.14
41	32	14.73
140	105	15.86
336	136	17.52
394	221	19.42
602	184	21.28
677	205	22.48
698	230	23.53
733	193	23.70
721	146	23.86
550	211	23.39
326	228	23.71
236	163	23.12
107	92	22.01
30	19	21.08
0	0	20.34
0	0	19.09
0	0	18.76
0	0	17.50
0	0	17.00
0	0	16.86
0	0	16.09
0	0	15.80
0	0	15.94
0	0	16.19
51	27	16.33
226	53	17.76
365	107	19.21
457	181	21.54
579	201	23.93
674	204	25.45
723	204	25.76
708	213	25.97
647	217	26.05
538	216	26.18
363	215	26.08
241	159	25.65
133	89	24.01
19	17	22.32
0	0	21.54
0	0	19.89
0	0	18.31
0	0	17.46
0	0	16.66
0	0	15.41
0	0	15.26
0	0	15.22
0	0	15.31
0	0	15.36
38	29	15.16
90	84	16.14
197	171	17.85
379	223	19.68
382	288	20.65
538	297	21.17
506	334	22.02
392	337	22.16
576	266	22.04
496	241	22.32
467	143	22.58
292	133	22.21
105	88	21.41
17	15	19.83
0	0	19.02
0	0	17.74
0	0	17.61
0	0	17.21
0	0	16.98
0	0	17.56
0	0	17.48
0	0	17.42
0	0	17.40
0	0	16.56
9	9	16.55
64	60	17.20
70	68	17.72
190	178	17.87
216	202	18.51
229	216	19.16
410	339	18.85
279	260	18.55
138	133	18.78
152	145	18.31
45	44	18.89
145	134	18.67
49	46	17.53
6	6	17.46
0	0	17.12
0	0	16.85
0	0	16.98
0	0	16.95
0	0	16.92
0	0	17.06
0	0	16.78
0	0	16.82
0	0	17.35
0	0	17.59
16	16	16.94
54	51	17.77
216	171	18.55
271	232	19.16
404	283	20.01
557	282	20.60
291	271	20.96
136	132	21.34
169	162	22.01
253	234	21.39
59	58	21.10
148	137	20.32
65	61	20.53
3	3	20.55
0	0	20.43
0	0	19.63
0	0	19.21
0	0	18.22
0	0	19.21
0	0	19.08
0	0	18.04
0	0	17.85
0	0	17.34
0	0	17.78
33	24	17.84
148	95	19.05
209	169	20.80
354	225	22.37
553	210	23.74
619	238	24.70
710	200	25.10
618	272	25.80
565	264	26.21
478	240	26.64
279	220	26.08
150	138	26.03
96	81	25.63
16	8	24.32
0	0	23.48
0	0	22.16
0	0	20.65
0	0	19.74
0	0	19.00
0	0	18.67
0	0	17.70
0	0	17.64
0	0	17.32
0	0	17.33
47	14	17.75
144	93	18.58
296	144	20.28
417	194	21.95
642	116	23.66
729	129	24.94
675	228	25.97
700	200	26.52
648	193	26.41
502	221	26.23
391	184	25.44
214	150	24.56
127	74	23.35
13	5	21.45
0	0	19.75
0	0	18.24
0	0	17.49
0	0	16.74
0	0	15.47
0	0	14.71
0	0	14.16
0	0	14.54
0	0	14.03
0	0	14.86
40	16	15.11
167	81	16.04
274	153	17.76
466	153	20.34
584	175	22.50
724	128	23.79
727	173	24.86
744	148	25.74
682	153	25.97
579	151	27.15
410	166	26.79
239	141	26.12
78	71	24.82
10	3	24.23
0	0	23.59
0	0	22.19
0	0	21.03
0	0	20.28
0	0	19.14
0	0	18.75
0	0	18.41
0	0	17.88
0	0	17.51
0	0	16.33
34	17	16.21
199	51	15.95
308	130	17.19
413	191	18.99
577	177	21.28
611	234	22.79
695	201	23.95
727	162	24.40
642	189	25.43
507	209	25.67
395	172	25.20
234	139	24.07
118	70	22.78
0	0	22.18
0	0	21.08
0	0	19.89
0	0	18.90
0	0	17.86
0	0	17.30
0	0	16.70
0	0	16.13
0	0	16.42
0	0	16.32
0	0	15.90
39	8	16.05
195	51	16.49
288	140	17.46
268	225	19.18
407	273	20.88
497	297	22.33
667	224	22.51
592	275	23.30
468	295	22.98
451	239	22.54
362	188	22.06
195	145	21.66
108	70	20.25
0	0	18.82
0	0	18.20
0	0	17.69
0	0	16.74
0	0	15.50
0	0	14.96
0	0	14.12
0	0	13.39
0	0	13.56
0	0	13.81
0	0	13.81
14	13	14.15
177	64	15.14
230	160	16.74
465	142	18.38
513	223	20.11
553	267	21.14
688	200	22.23
586	275	22.69
530	266	22.94
526	185	22.90
407	154	22.37
149	136	21.69
92	69	20.00
0	0	19.09
0	0	18.61
0	0	17.83
0	0	17.67
0	0	16.81
0	0	16.41
0	0	15.61
0	0	15.05
0	0	14.81
0	0	14.30
0	0	14.15
22	14	14.18
113	88	14.73
308	120	15.65
420	176	17.09
586	156	17.67
645	192	18.61
724	157	18.90
706	169	19.65
582	228	20.17
474	219	20.41
284	206	19.85
186	140	19.35
91	67	17.55
0	0	16.43
0	0	15.42
0	0	14.61
0	0	13.20
0	0	12.43
0	0	12.51
0	0	12.36
0	0	11.69
0	0	11.61
0	0	11.14
0	0	10.79
7	6	10.95
33	32	11.72
244	152	12.52
228	209	13.23
198	186	13.90
384	309	14.56
313	288	14.79
482	314	15.33
274	253	15.48
134	128	15.72
229	201	15.15
182	138	14.00
26	25	13.50
0	0	13.05
0	0	13.23
0	0	12.39
0	0	12.03
0	0	12.02
0	0	11.35
0	0	10.77
0	0	10.02
0	0	10.45
0	0	10.29
0	0	10.66
15	11	10.70
139	78	11.15
275	136	12.28
406	180	14.16
559	175	15.58
624	204	17.37
709	164	18.92
643	221	19.84
585	216	20.04
566	129	20.11
432	114	19.61
249	110	18.69
103	57	17.14
0	0	15.88
0	0	15.24
0	0	14.00
0	0	13.15
0	0	12.41
0	0	12.03
0	0	11.49
0	0	11.02
0	0	10.32
0	0	9.45
0	0	10.06
17	9	9.89
83	76	10.41
159	146	11.14
344	208	12.30
498	219	13.45
524	272	13.99
559	283	14.79
483	309	15.45
509	263	15.64
364	253	15.78
356	170	15.05
195	130	14.58
45	42	13.87
0	0	12.86
0	0	11.27
0	0	10.33
0	0	10.13
0	0	9.34
0	0	8.70
0	0	8.32
0	0	7.87
0	0	7.31
0	0	6.78
0	0	6.90
9	8	7.08
149	67	7.89
223	151	9.16
368	196	10.50
503	213	11.75
474	290	13.56
527	295	13.83
537	285	14.08
562	225	14.75
443	221	15.21
346	172	14.43
223	116	14.35
68	57	12.60
0	0	11.70
0	0	11.18
0	0	10.44
0	0	9.30
0	0	8.83
0	0	8.55
0	0	8.20
0	0	7.98
0	0	8.02
0	0	8.03
0	0	8.18
11	6	8.46
80	73	9.40
185	152	10.69
346	203	11.97
424	252	12.94
531	261	14.15
485	308	15.01
527	287	15.80
489	266	16.46
414	232	16.19
327	177	15.96
242	100	15.35
89	50	13.91
0	0	13.32
0	0	12.49
0	0	11.58
0	0	10.58
0	0	9.77
0	0	9.82
0	0	10.09
0	0	9.92
0	0	9.38
0	0	8.54
0	0	8.53
6	5	8.80
70	65	8.76
292	111	10.32
253	213	11.66
227	211	12.30
223	209	13.31
286	265	13.66
457	308	13.77
609	174	13.85
138	132	13.43
143	135	13.68
126	115	13.59
80	49	12.51
0	0	12.14
0	0	11.34
0	0	10.88
0	0	10.82
0	0	10.18
0	0	9.97
0	0	9.83
0	0	10.43
0	0	9.77
0	0	9.51
0	0	9.53
0	0	9.95
48	45	10.05
99	94	10.97
280	212	12.24
427	246	13.43
430	294	14.05
716	129	14.84
632	206	15.23
508	248	15.04
450	204	14.47
346	158	13.67
141	122	12.46
74	48	11.56
0	0	10.82
0	0	10.55
0	0	9.28
0	0	8.96
0	0	8.36
0	0	7.04
0	0	5.76
0	0	5.47
0	0	5.64
0	0	5.71
0	0	5.63
0	0	5.81
49	46	6.65
228	140	7.70
433	136	8.92
361	261	10.27
459	285	11.81
556	268	13.28
563	256	13.68
504	247	13.71
436	208	13.23
282	183	12.88
122	112	12.38
45	41	11.18
0	0	9.52
0	0	8.20
0	0	7.74
0	0	7.88
0	0	7.70
0	0	7.00
0	0	7.07
0	0	6.52
0	0	6.70
0	0	6.99
0	0	6.93
0	0	7.60
83	72	8.90
251	128	10.67
376	176	12.06
373	257	13.99
579	213	16.03
575	251	17.28
548	261	17.63
615	150	18.35
525	129	18.54
383	118	17.97
217	96	16.87
43	39	15.82
0	0	15.63
0	0	14.84
0	0	14.27
0	0	13.28
0	0	12.78
0	0	12.30
0	0	12.07
0	0	11.65
0	0	11.57
0	0	12.08
0	0	11.95
0	0	12.22
142	50	12.79
250	125	13.95
418	141	15.24
556	141	16.85
633	158	18.83
646	188	19.85
601	219	20.62
577	182	20.88
514	134	20.40
335	151	19.66
235	76	18.61
74	35	17.42
0	0	16.12
0	0	15.15
0	0	14.00
0	0	13.41
0	0	12.61
0	0	12.20
0	0	11.93
0	0	11.73
0	0	11.66
0	0	11.05
0	0	10.59
0	0	11.06
125	58	11.52
273	106	12.70
382	165	14.59
421	237	16.04
543	232	16.99
658	171	17.56
630	187	18.46
529	217	19.28
437	194	19.66
284	172	19.34
174	108	18.53
37	34	18.15
0	0	16.86
0	0	16.76
0	0	15.92
0	0	15.53
0	0	14.69
0	0	13.73
0	0	13.15
0	0	13.19
0	0	13.07
0	0	12.68
0	0	12.39
0	0	12.27
92	68	13.46
167	139	15.38
310	197	17.03
417	236	19.38
586	194	20.72
610	211	22.41
665	146	23.66
520	219	24.35
444	184	24.76
214	178	24.74
199	92	24.21
66	30	23.40
0	0	21.82
0	0	20.83
0	0	20.27
0	0	19.79
0	0	19.99
0	0	20.05
0	0	19.20
0	0	17.90
0	0	17.43
0	0	16.48
0	0	16.44
0	0	15.75
85	66	16.13
251	115	16.80
378	160	17.89
436	224	18.79
628	148	19.64
569	239	20.26
614	192	20.33
492	233	20.78
386	214	20.13
281	165	19.62
149	107	18.49
50	33	16.93
0	0	15.17
0	0	13.31
0	0	12.35
0	0	12.04
0	0	12.06
0	0	11.04
0	0	10.68
0	0	9.65
0	0	9.95
0	0	9.63
0	0	9.54
0	0	9.65
90	64	10.60
234	121	11.60
359	170	13.23
459	207	14.30
577	192	15.79
651	161	16.45
552	238	17.44
507	219	17.47
358	221	17.57
281	162	17.17
169	98	17.34
59	23	15.70
0	0	13.89
0	0	13.10
0	0	12.43
0	0	11.36
0	0	9.79
0	0	8.70
0	0	7.92
0	0	7.08
0	0	6.60
0	0	6.90
0	0	6.52
0	0	6.64
49	45	7.70
183	134	9.02
256	199	9.65
412	229	11.41
498	246	12.88
438	293	12.87
477	275	13.90
554	175	14.59
380	208	14.39
178	163	14.26
109	99	13.25
29	26	12.52
0	0	11.72
0	0	10.92
0	0	10.52
0	0	10.24
0	0	9.51
0	0	8.48
0	0	7.94
0	0	7.51
0	0	7.47
0	0	7.75
0	0	8.20
0	0	8.65
108	52	9.94
204	128	10.70
345	171	11.76
430	217	13.23
541	213	14.67
559	234	15.19
470	274	16.23
454	241	17.26
372	208	17.65
234	167	18.03
152	96	16.75
39	25	15.32
0	0	13.93
0	0	13.45
0	0	12.55
0	0	12.43
0	0	11.86
0	0	11.35
0	0	11.67
0	0	11.68
0	0	12.12
0	0	12.33
0	0	12.84
0	0	12.97
73	59	13.19
170	131	14.07
273	194	15.06
235	217	15.80
301	273	16.48
412	293	17.71
370	290	19.05
316	264	19.78
172	161	19.77
191	164	19.65
55	52	18.48
14	14	18.83
0	0	17.94
0	0	17.09
0	0	16.31
0	0	15.75
0	0	15.90
0	0	15.88
0	0	14.97
0	0	14.13
0	0	13.81
0	0	13.69
0	0	13.42
0	0	13.41
95	52	14.19
290	58	15.21
403	118	16.93
492	165	18.73
449	260	20.07
579	208	21.15
571	203	22.01
557	154	22.85
428	164	22.85
322	116	22.10
169	80	21.02
29	20	20.57
0	0	18.57
0	0	17.59
0	0	16.44
0	0	15.92
0	0	15.19
0	0	14.95
0	0	15.08
0	0	15.46
0	0	15.17
0	0	14.93
0	0	14.76
0	0	15.81
45	42	16.45
104	97	17.55
164	153	18.50
269	238	19.53
388	274	20.68
350	290	21.39
419	280	22.04
318	261	22.09
260	217	22.53
242	156	22.34
81	75	21.91
14	13	21.32
0	0	20.51
0	0	20.04
0	0	19.91
0	0	19.38
0	0	18.16
0	0	17.42
0	0	17.57
0	0	17.28
0	0	16.63
0	0	16.83
0	0	17.18
0	0	17.76
26	25	18.12
57	55	19.02
71	69	19.73
195	182	20.06
119	115	20.27
331	286	20.92
326	281	21.16
224	208	21.26
276	216	21.35
171	154	21.12
49	46	20.16
2	2	19.58
0	0	18.55
0	0	18.76
0	0	18.71
0	0	18.46
0	0	18.31
0	0	17.56
0	0	17.05
0	0	17.10
0	0	17.13
0	0	17.97
0	0	17.94
0	0	18.10
23	22	18.63
112	103	19.61
194	177	20.53
386	222	21.06
507	217	21.53
409	283	21.62
254	235	21.84
341	256	22.23
252	212	21.72
150	138	21.63
25	24	20.57
21	12	18.85
0	0	17.83
0	0	17.24
0	0	16.54
0	0	16.18
0	0	15.56
0	0	15.38
0	0	14.39
0	0	13.87
0	0	13.17
0	0	12.71
0	0	13.12
0	0	12.90
47	43	13.83
219	103	13.99
267	183	15.15
349	231	16.79
487	226	17.99
393	283	19.11
435	267	18.78
545	140	19.53
245	209	18.94
171	150	18.87
141	76	17.73
13	11	16.25
0	0	15.40
0	0	14.84
0	0	14.69
0	0	13.89
0	0	12.86
0	0	12.38
0	0	12.54
0	0	12.38
0	0	12.46
0	0	11.78
0	0	11.50
0	0	12.15
34	32	12.58
203	109	14.06
205	181	14.45
293	234	15.19
380	265	15.86
326	280	16.39
361	277	17.24
399	238	17.60
356	186	16.98
250	137	16.87
114	81	16.54
8	8	15.34
0	0	14.52
0	0	13.71
0	0	13.10
0	0	12.31
0	0	12.06
0	0	11.88
0	0	11.94
0	0	11.40
0	0	11.91
0	0	11.61
0	0	11.79
0	0	12.07
23	22	12.23
80	76	12.79
191	174	12.43
139	132	13.30
187	176	13.68
340	279	14.65
298	268	15.15
164	155	15.58
18	17	15.93
122	113	15.84
23	22	16.30
5	4	16.22
0	0	16.30
0	0	15.83
0	0	15.62
0	0	15.45
0	0	14.97
0	0	14.86
0	0	13.49
0	0	13.40
0	0	13.40
0	0	13.01
0	0	13.07
0	0	12.84
14	13	12.89
68	65	13.40
185	169	13.66
115	110	14.48
180	170	14.54
236	219	14.99
188	178	15.20
178	167	15.41
194	179	15.20
193	145	15.24
68	63	14.85
0	0	13.58
0	0	12.44
0	0	11.31
0	0	10.44
0	0	10.33
0	0	10.18
0	0	9.75
0	0	10.05
0	0	9.76
0	0	9.90
0	0	9.48
0	0	9.39
0	0	9.78
33	31	10.33
162	114	11.19
344	133	12.88
363	216	14.50
352	261	15.82
446	257	16.32
595	132	16.84
360	239	17.70
305	194	17.54
175	142	17.64
30	29	16.74
0	0	16.49
0	0	15.66
0	0	15.25
0	0	14.27
0	0	13.94
0	0	14.05
0	0	13.99
0	0	13.59
0	0	13.74
0	0	13.10
0	0	13.10
0	0	12.77
0	0	13.22
55	41	13.91
181	106	15.18
325	143	16.70
504	105	18.19
536	164	19.81
622	112	21.14
483	224	21.79
522	131	23.29
416	120	22.63
294	83	22.02
136	53	21.01
0	0	19.15
0	0	18.14
0	0	16.80
0	0	16.55
0	0	16.26
0	0	16.00
0	0	14.74
0	0	13.53
0	0	12.75
0	0	12.71
0	0	12.06
0	0	11.83
0	0	11.84
66	35	11.62
106	98	12.08
214	174	13.22
436	165	14.54
425	237	15.43
363	271	16.06
450	238	16.46
330	238	18.05
254	196	17.63
172	137	17.03
94	68	15.58
0	0	14.18
0	0	12.87
0	0	12.39
0	0	11.93
0	0	10.51
0	0	9.72
0	0	8.50
0	0	8.77
0	0	8.60
0	0	8.33
0	0	7.36
0	0	6.64
0	0	7.65
31	29	7.99
112	103	9.02
234	172	9.84
427	168	11.01
356	253	12.24
320	268	12.79
322	262	13.55
293	237	13.71
339	168	13.34
213	127	13.36
84	65	12.37
0	0	12.15
0	0	11.65
0	0	11.41
0	0	11.60
0	0	11.56
0	0	10.94
0	0	11.44
0	0	10.85
0	0	10.49
0	0	9.97
0	0	9.74
0	0	9.92
0	0	10.37
50	35	9.91
144	107	10.35
264	163	11.63
497	95	12.94
465	207	13.95
508	206	15.01
368	258	15.07
374	221	15.60
272	189	15.42
163	132	14.50
101	59	14.20
0	0	12.65
0	0	12.89
0	0	11.40
0	0	10.57
0	0	9.76
0	0	8.51
0	0	8.00
0	0	7.54
0	0	8.17
0	0	7.73
0	0	7.78
0	0	8.08
0	0	8.05
15	15	8.48
50	48	10.04
218	168	11.67
308	216	12.69
401	236	13.98
446	239	15.08
366	256	16.40
368	220	16.15
296	179	16.21
178	129	15.43
54	50	14.63
0	0	13.77
0	0	13.46
0	0	12.99
0	0	12.23
0	0	11.53
0	0	11.89
0	0	11.63
0	0	10.51
0	0	9.73
0	0	9.01
0	0	8.45
0	0	7.63
0	0	7.36
41	32	7.51
98	91	8.05
239	164	9.55
415	163	10.57
521	151	10.86
371	260	11.62
409	241	13.04
423	187	13.58
347	148	12.88
182	125	12.32
71	57	10.91
0	0	10.05
0	0	9.00
0	0	8.41
0	0	7.82
0	0	6.69
0	0	6.34
0	0	4.96
0	0	4.55
0	0	3.55
0	0	3.86
0	0	3.86
0	0	3.30
0	0	3.36
32	29	3.24
113	100	3.11
235	162	4.75
332	205	6.39
325	247	7.21
211	197	7.46
311	253	8.02
334	223	8.48
226	183	8.36
118	109	7.88
49	46	7.46
0	0	6.79
0	0	6.74
0	0	6.21
0	0	5.48
0	0	5.03
0	0	4.74
0	0	4.90
0	0	4.84
0	0	4.44
0	0	4.91
0	0	4.77
0	0	4.33
0	0	4.11
28	26	3.80
168	90	5.22
292	136	6.79
490	87	8.30
262	238	9.72
454	222	10.73
404	235	11.22
381	202	11.54
225	181	10.46
117	107	9.89
40	37	8.93
0	0	8.67
0	0	7.84
0	0	7.45
0	0	6.63
0	0	6.76
0	0	6.21
0	0	6.06
0	0	5.86
0	0	5.47
0	0	5.21
0	0	4.66
0	0	4.68
0	0	4.56
24	23	4.67
43	42	5.33
147	136	6.24
165	154	6.89
327	242	8.41
356	254	8.00
298	248	8.67
298	222	9.08
200	175	9.01
154	119	8.12
57	49	7.56
0	0	6.88
0	0	5.36
0	0	4.87
0	0	4.32
0	0	3.69
0	0	3.67
0	0	3.73
0	0	2.94
0	0	3.06
0	0	3.50
0	0	3.37
0	0	3.20
0	0	3.61
38	23	3.59
117	95	4.35
199	158	5.34
351	187	6.75
346	237	7.74
393	242	9.77
428	216	10.59
272	220	10.48
360	114	10.44
254	60	9.75
70	46	9.03
0	0	8.21
0	0	7.74
0	0	7.14
0	0	6.92
0	0	6.47
0	0	5.76
0	0	5.66
0	0	6.10
0	0	5.76
0	0	5.93
0	0	5.35
0	0	5.51
0	0	4.95
11	10	4.75
82	76	5.12
117	110	6.16
142	134	6.33
112	108	7.21
145	138	8.11
174	164	8.54
237	212	8.71
84	81	9.32
94	87	8.99
28	27	9.05
0	0	7.94
0	0	8.13
0	0	7.76
0	0	8.01
0	0	7.91
0	0	8.15
0	0	8.65
0	0	9.49
0	0	9.77
0	0	9.11
0	0	8.98
0	0	9.30
0	0	9.16
5	5	9.79
49	47	10.03
121	113	10.27
142	134	10.36
155	147	11.03
152	144	11.90
94	91	12.84
108	104	13.01
42	41	13.30
108	100	13.89
22	21	13.42
0	0	13.74
0	0	13.38
0	0	13.47
0	0	13.60
0	0	13.73
0	0	13.71
0	0	13.76
0	0	12.82
0	0	12.07
0	0	11.95
0	0	11.06
0	0	10.62
0	0	10.13
31	18	10.22
90	83	10.12
173	150	10.73
220	197	11.37
255	228	12.39
388	234	13.18
457	183	13.67
394	171	13.16
213	168	12.83
227	68	11.94
51	40	10.99
0	0	9.72
0	0	8.16
0	0	7.36
0	0	6.58
0	0	5.57
0	0	4.44
0	0	3.54
0	0	3.40
0	0	3.33
0	0	3.77
0	0	4.16
0	0	4.05
0	0	3.72
20	17	3.99
108	87	4.18
181	150	5.26
257	199	6.95
345	225	8.39
355	240	9.75
491	148	10.39
329	200	11.67
210	166	12.11
169	101	11.84
41	37	11.09
0	0	10.13
0	0	8.78
0	0	8.02
0	0	7.23
0	0	6.71
0	0	6.50
0	0	6.28
0	0	5.74
0	0	5.48
0	0	5.03
0	0	5.00
0	0	5.44
0	0	5.50
9	9	6.29
102	85	7.17
164	145	8.28
273	196	9.77
327	226	10.65
333	241	12.21
297	235	13.22
332	196	13.55
275	147	13.37
180	92	13.38
28	26	13.28
0	0	12.36
0	0	11.66
0	0	11.16
0	0	11.45
0	0	11.36
0	0	10.87
0	0	10.94
0	0	11.27
0	0	11.05
0	0	10.91
0	0	10.87
0	0	10.90
0	0	10.86
14	13	10.68
175	51	11.87
170	145	13.34
301	187	14.41
301	227	15.52
289	239	16.50
308	232	17.13
347	185	17.13
221	160	16.82
60	57	16.91
9	9	16.12
0	0	15.36
0	0	14.76
0	0	14.00
0	0	14.16
0	0	14.51
0	0	13.59
0	0	13.53
0	0	13.24
0	0	13.21
0	0	13.44
0	0	13.17
0	0	13.06
0	0	13.16
2	2	12.36
6	6	12.11
47	46	13.07
28	28	13.41
114	109	13.87
237	217	13.79
144	136	14.12
215	197	14.46
139	129	14.44
82	77	13.85
16	15	13.30
0	0	12.54
0	0	11.93
0	0	12.27
0	0	11.80
0	0	11.64
0	0	11.30
0	0	11.32
0	0	11.45
0	0	11.22
0	0	11.17
0	0	11.34
0	0	11.03
0	0	11.33
6	6	11.06
45	43	11.03
63	60	11.68
87	84	12.09
176	165	12.35
199	185	13.05
117	112	13.17
80	77	13.71
72	69	12.88
60	57	12.38
13	13	11.71
0	0	11.85
0	0	11.15
0	0	11.34
0	0	10.77
0	0	10.12
0	0	8.93
0	0	8.81
0	0	8.57
0	0	8.18
0	0	7.82
0	0	7.51
0	0	7.18
0	0	7.42
17	6	7.58
125	73	8.64
213	135	9.78
235	188	10.95
354	206	12.03
441	180	13.37
329	221	13.68
305	190	15.05
273	131	14.83
118	94	14.49
41	24	13.51
0	0	12.59
0	0	12.42
0	0	11.68
0	0	11.05
0	0	10.89
0	0	10.18
0	0	10.25
0	0	10.00
0	0	9.89
0	0	9.32
0	0	9.55
0	0	9.65
0	0	9.04
10	7	9.42
87	75	10.62
143	131	11.79
250	186	12.93
323	213	14.59
361	219	15.75
334	217	16.63
251	196	17.27
305	102	17.66
148	86	17.22
47	16	16.68
0	0	16.09
0	0	15.63
0	0	14.72
0	0	14.07
0	0	13.43
0	0	13.37
0	0	12.98
0	0	13.59
0	0	13.29
0	0	13.37
0	0	13.54
0	0	13.74
0	0	13.74
4	4	13.61
47	44	14.21
79	75	14.24
105	100	15.11
200	185	15.26
189	176	16.34
180	168	17.05
166	154	17.74
139	129	17.73
38	36	17.99
13	12	17.64
0	0	16.64
0	0	16.83
0	0	16.50
0	0	16.06
0	0	15.76
0	0	16.30
0	0	16.63
0	0	16.84
0	0	16.05
0	0	15.79
0	0	15.50
0	0	14.96
0	0	15.06
0	0	16.10
40	38	16.74
123	113	17.50
229	182	18.94
296	212	19.60
379	205	20.23
406	174	21.12
169	157	21.58
266	122	21.88
146	79	20.84
16	15	19.74
0	0	18.63
0	0	17.61
0	0	17.12
0	0	16.89
0	0	16.64
0	0	16.08
0	0	15.15
0	0	14.88
0	0	14.38
0	0	13.82
0	0	14.06
0	0	13.45
0	0	13.12
0	0	13.33
61	57	13.86
123	113	14.54
299	164	15.48
358	190	15.66
461	142	16.08
395	177	16.84
214	186	16.58
118	110	16.86
60	56	15.42
13	12	14.04
0	0	13.48
0	0	12.47
0	0	11.81
0	0	11.03
0	0	10.22
0	0	9.02
0	0	8.62
0	0	8.89
0	0	8.85
0	0	9.35
0	0	9.37
0	0	8.90
0	0	9.36
0	0	9.60
69	63	10.66
173	129	11.78
154	143	12.69
282	208	13.48
245	217	14.14
178	166	15.22
242	187	15.56
113	106	15.36
111	83	15.37
18	15	15.38
0	0	14.28
0	0	13.94
0	0	13.98
0	0	13.34
0	0	13.01
0	0	13.36
0	0	13.38
0	0	12.54
0	0	12.46
0	0	11.56
0	0	10.43
0	0	9.73
0	0	9.63
0	0	9.61
137	40	10.05
213	116	10.87
346	125	12.18
362	180	13.12
448	143	14.28
353	192	14.57
323	160	14.58
264	109	15.17
91	79	13.87
9	9	12.40
0	0	11.18
0	0	9.79
0	0	8.94
0	0	7.85
0	0	7.03
0	0	7.27
0	0	6.02
0	0	6.46
0	0	6.01
0	0	6.35
0	0	6.62
0	0	6.94
0	0	7.13
0	0	6.99
110	56	7.98
170	125	9.05
88	84	9.60
234	202	11.08
245	214	10.80
311	204	10.94
265	179	11.07
214	131	11.44
114	77	11.65
12	11	10.35
0	0	10.54
0	0	11.36
0	0	10.96
0	0	10.58
0	0	9.85
0	0	9.97
0	0	9.82
0	0	9.82
0	0	9.99
0	0	9.76
0	0	8.96
0	0	8.65
0	0	8.77
0	0	8.93
17	16	8.77
20	20	9.28
175	161	9.46
171	159	9.98
173	162	10.42
87	84	10.57
213	179	10.62
92	87	10.62
69	64	9.72
10	9	9.65
0	0	9.35
0	0	8.83
0	0	8.33
0	0	8.46
0	0	8.62
0	0	8.68
0	0	8.92
0	0	8.71
0	0	8.51
0	0	7.87
0	0	7.65
0	0	8.08
0	0	7.81
0	0	7.52
58	53	7.41
82	78	8.55
219	169	9.30
295	196	9.85
367	187	10.38
262	205	10.94
253	175	10.89
206	127	10.81
110	72	10.51
10	7	10.05
0	0	8.56
0	0	8.15
0	0	7.46
0	0	7.27
0	0	7.56
0	0	6.92
0	0	6.64
0	0	5.65
0	0	6.31
0	0	5.20
0	0	4.99
0	0	4.64
0	0	4.78
0	0	4.58
101	50	5.08
219	97	6.92
335	115	8.45
387	144	9.71
403	159	10.77
438	107	12.35
385	87	12.11
284	68	11.52
127	62	10.40
12	4	9.28
0	0	7.84
0	0	6.76
0	0	6.25
0	0	4.77
0	0	4.19
0	0	2.90
0	0	2.12
0	0	1.39
0	0	1.13
0	0	1.61
0	0	1.60
0	0	1.49
0	0	1.20
0	0	1.62
95	50	2.18
209	99	3.28
323	120	4.85
391	136	6.59
413	146	7.73
412	128	8.55
441	78	9.19
288	57	9.77
87	70	9.17
0	0	7.03
0	0	5.85
0	0	5.14
0	0	4.58
0	0	4.23
0	0	3.18
0	0	2.51
0	0	2.32
0	0	2.33
0	0	2.76
0	0	2.81
0	0	2.66
0	0	2.12
0	0	1.65
0	0	2.29
85	51	3.46
231	78	4.25
315	121	5.84
407	116	7.61
452	102	9.23
354	168	10.11
332	126	10.72
212	114	10.52
119	58	10.54
0	0	9.33
0	0	8.19
0	0	7.12
0	0	6.39
0	0	5.58
0	0	4.40
0	0	3.76
0	0	3.18
0	0	2.98
0	0	2.31
0	0	2.23
0	0	2.29
0	0	2.27
0	0	2.56
0	0	2.08
54	49	2.72
120	110	3.55
158	146	5.33
268	190	5.18
426	123	6.18
271	195	6.13
248	165	6.36
72	68	5.58
38	36	4.92
0	0	4.32
0	0	4.06
0	0	4.22
0	0	3.44
0	0	3.81
0	0	3.89
0	0	3.12
0	0	2.59
0	0	2.27
0	0	2.82
0	0	3.62
0	0	3.84
0	0	4.30
0	0	4.25
0	0	4.15
50	46	5.46
140	111	6.09
153	141	7.55
272	187	8.49
206	188	9.31
185	171	10.08
199	166	10.99
58	56	10.72
14	14	10.16
0	0	10.79
0	0	10.14
0	0	10.56
0	0	10.57
0	0	10.57
0	0	10.80
0	0	10.75
0	0	11.25
0	0	11.22
0	0	11.20
0	0	10.88
0	0	9.79
0	0	10.35
0	0	10.66
0	0	10.92
33	31	11.60
59	56	11.85
197	156	12.96
169	157	14.47
305	192	14.99
324	173	15.82
312	127	15.59
205	107	15.30
85	61	14.77
0	0	14.12
0	0	14.14
0	0	13.95
0	0	14.04
0	0	12.93
0	0	12.69
0	0	11.72
0	0	11.44
0	0	11.84
0	0	11.62
0	0	11.91
0	0	11.97
0	0	11.29
0	0	11.64
0	0	11.48
13	13	10.80
51	49	10.45
11	11	10.73
75	73	11.11
150	141	11.41
106	101	11.91
76	73	12.08
71	67	11.80
46	43	11.39
0	0	10.79
0	0	10.25
0	0	10.03
0	0	9.94
0	0	9.59
0	0	9.27
0	0	9.64
0	0	9.79
0	0	9.61
0	0	9.47
0	0	9.30
0	0	8.57
0	0	8.23
0	0	7.60
0	0	6.95
61	44	6.89
126	104	7.46
84	80	8.57
104	100	9.74
320	181	10.41
302	175	11.42
255	152	11.59
158	116	10.74
55	50	9.89
0	0	9.31
0	0	9.18
0	0	8.50
0	0	8.78
0	0	8.73
0	0	8.60
0	0	7.90
0	0	8.54
0	0	8.53
0	0	7.87
0	0	6.86
0	0	6.49
0	0	6.20
0	0	6.20
0	0	6.29
15	14	6.46
87	81	6.96
98	93	7.58
53	52	8.44
94	90	8.53
106	101	9.12
98	93	8.70
128	112	8.09
33	31	8.00
0	0	8.00
0	0	7.28
0	0	7.23
0	0	7.15
0	0	6.58
0	0	6.37
0	0	6.23
0	0	5.72
0	0	5.60
0	0	5.11
0	0	5.82
0	0	6.23
0	0	5.77
0	0	5.33
0	0	6.04
39	36	6.35
93	86	7.02
129	120	8.34
372	111	8.83
235	191	10.36
288	174	11.10
179	155	10.76
89	83	10.92
64	54	9.67
0	0	9.25
0	0	8.92
0	0	9.21
0	0	9.25
0	0	9.26
0	0	9.04
0	0	8.31
0	0	8.51
0	0	7.88
0	0	7.60
0	0	7.93
0	0	7.83
0	0	7.33
0	0	6.41
0	0	5.88
31	29	6.41
73	68	7.43
104	98	8.41
287	165	8.99
249	189	10.01
263	179	10.29
229	151	10.31
97	90	9.01
26	25	8.97
0	0	7.82
0	0	7.88
0	0	7.71
0	0	7.11
0	0	7.19
0	0	6.90
0	0	6.47
0	0	5.94
0	0	5.72
0	0	5.94
0	0	5.89
0	0	5.81
0	0	6.43
0	0	7.75
0	0	8.31
58	34	9.51
100	91	9.81
173	144	10.84
249	173	12.20
236	187	13.16
218	179	14.57
273	130	14.67
228	66	14.19
73	50	13.93
0	0	12.96
0	0	12.56
0	0	12.35
0	0	12.88
0	0	12.76
0	0	12.53
0	0	12.33
0	0	12.68
0	0	12.57
0	0	11.55
0	0	11.81
0	0	12.05
0	0	11.13
0	0	10.38
0	0	10.56
27	25	11.33
95	87	11.52
197	141	12.62
347	119	14.03
249	185	15.37
234	178	15.46
257	135	16.05
181	97	16.38
37	35	15.54
0	0	15.10
0	0	14.99
0	0	14.13
0	0	13.63
0	0	13.31
0	0	12.85
0	0	12.50
0	0	11.73
0	0	11.43
0	0	10.44
0	0	10.42
0	0	10.24
0	0	9.69
0	0	10.14
0	0	9.82
23	22	9.84
116	93	10.59
180	140	10.99
284	157	11.42
222	183	12.29
259	172	12.93
151	139	13.60
40	38	13.41
37	35	12.84
0	0	12.34
0	0	11.36
0	0	11.13
0	0	10.57
0	0	10.32
0	0	10.41
0	0	10.05
0	0	10.32
0	0	9.45
0	0	9.34
0	0	9.19
0	0	9.63
0	0	9.55
0	0	9.46
0	0	9.28
10	9	8.69
70	66	9.40
135	125	10.24
31	30	10.80
86	83	11.47
221	174	11.65
114	107	11.73
95	88	11.66
22	21	12.44
0	0	11.63
0	0	10.92
0	0	11.07
0	0	11.03
0	0	11.22
0	0	11.64
0	0	10.92
0	0	10.53
0	0	9.97
0	0	9.89
0	0	8.92
0	0	8.84
0	0	8.94
0	0	8.44
0	0	7.83
6	6	7.82
33	32	7.95
55	53	8.82
36	35	8.69
42	41	8.86
103	98	8.52
32	31	7.96
15	15	7.17
9	9	6.49
0	0	5.53
0	0	4.78
0	0	4.56
0	0	4.60
0	0	4.41
0	0	3.48
0	0	3.09
0	0	3.33
0	0	3.36
0	0	3.48
0	0	3.49
0	0	3.13
0	0	3.22
0	0	2.95
0	0	2.75
31	27	2.02
69	64	1.78
105	98	1.56
232	164	2.30
186	170	2.71
93	89	2.68
63	61	3.11
72	67	2.70
32	30	2.07
0	0	1.37
0	0	0.14
0	0	-0.41
0	0	-0.36
0	0	-0.79
0	0	-1.24
0	0	-2.01
0	0	-2.08
0	0	-1.68
0	0	-2.18
0	0	-2.56
0	0	-3.09
0	0	-3.02
0	0	-2.76
0	0	-2.78
50	19	-2.22
139	80	-1.61
194	130	-0.76
225	163	0.26
331	138	1.55
348	107	2.47
244	126	3.08
144	97	3.23
42	38	2.62
0	0	1.57
0	0	0.63
0	0	0.03
0	0	-1.07
0	0	-1.62
0	0	-1.81
0	0	-1.45
0	0	-1.52
0	0	-1.99
0	0	-2.57
0	0	-2.52
0	0	-2.58
0	0	-3.03
0	0	-3.08
0	0	-3.28
56	10	-2.26
160	64	-1.08
271	82	-0.06
358	77	1.50
236	174	1.96
280	152	2.75
236	128	2.87
178	80	3.33
78	30	2.72
0	0	1.19
0	0	0.37
0	0	-0.67
0	0	-1.47
0	0	-1.91
0	0	-1.64
0	0	-2.42
0	0	-2.59
0	0	-2.81
0	0	-3.01
0	0	-2.45
0	0	-2.84
0	0	-3.39
0	0	-2.98
0	0	-2.77
24	22	-2.15
159	60	-1.49
226	112	-0.22
237	157	0.79
314	142	1.76
280	149	2.35
271	102	2.55
144	93	3.58
54	39	3.26
0	0	1.91
0	0	1.00
0	0	0.77
0	0	0.77
0	0	0.28
0	0	-0.29
0	0	-1.06
0	0	-1.14
0	0	-1.04
0	0	-0.81
0	0	-1.66
0	0	-1.76
0	0	-1.50
0	0	-1.15
0	0	-0.69
23	20	-0.23
94	80	1.54
131	120	2.47
225	157	3.64
182	166	4.76
326	115	5.68
173	138	6.50
141	92	6.49
50	38	6.58
0	0	5.62
0	0	5.37
0	0	5.35
0	0	5.23
0	0	5.02
0	0	4.38
0	0	4.80
0	0	5.00
0	0	4.66
0	0	3.48
0	0	2.71
0	0	2.86
0	0	2.07
0	0	2.54
0	0	2.39
22	19	2.94
102	78	2.17
117	108	1.93
240	151	2.87
221	169	3.45
91	86	3.79
88	84	3.86
86	80	2.99
10	10	2.58
0	0	1.92
0	0	0.87
0	0	0.60
0	0	0.54
0	0	-0.45
0	0	-0.67
0	0	-1.91
0	0	-2.26
0	0	-2.28
0	0	-2.34
0	0	-1.57
0	0	-1.76
0	0	-1.68
0	0	-1.55
0	0	-1.74
23	17	-1.77
128	70	-1.68
153	124	-0.41
206	155	0.71
321	127	1.67
237	157	2.78
196	133	3.59
166	77	3.32
51	35	2.88
0	0	1.72
0	0	0.60
0	0	-0.10
0	0	-0.40
0	0	-0.44
0	0	-0.87
0	0	-0.01
0	0	-0.55
0	0	-1.44
0	0	-1.43
0	0	-1.16
0	0	-1.60
0	0	-1.25
0	0	-1.71
0	0	-2.00
28	14	-1.26
173	31	0.03
200	113	1.19
272	131	2.62
376	70	4.32
295	128	5.49
233	117	4.83
172	70	5.47
69	24	4.55
0	0	3.75
0	0	2.85
0	0	2.45
0	0	2.62
0	0	2.22
0	0	1.91
0	0	1.96
0	0	1.55
0	0	1.50
0	0	0.83
0	0	0.21
0	0	-0.67
0	0	-0.80
0	0	-0.89
0	0	-0.74
10	10	-0.49
34	32	0.55
127	116	0.83
206	151	2.08
293	140	2.78
119	112	3.11
175	132	2.97
70	66	3.32
18	17	3.09
0	0	2.54
0	0	1.69
0	0	0.96
0	0	-0.41
0	0	-1.22
0	0	-1.62
0	0	-2.44
0	0	-2.68
0	0	-2.17
0	0	-2.67
0	0	-3.17
0	0	-4.01
0	0	-4.49
0	0	-4.49
0	0	-4.91
5	5	-4.62
35	34	-3.86
51	49	-2.50
190	150	-1.78
250	157	-1.26
264	141	-0.32
171	131	-0.05
115	88	-0.09
54	29	-0.81
0	0	-0.75
0	0	-0.84
0	0	-0.63
0	0	-1.31
0	0	-1.39
0	0	-2.32
0	0	-3.35
0	0	-3.50
0	0	-3.16
0	0	-3.32
0	0	-3.55
0	0	-3.39
0	0	-3.09
0	0	-3.15
0	0	-2.59
14	11	-2.05
89	70	-1.29
168	116	0.23
202	148	1.08
177	158	2.10
292	122	2.66
130	120	3.24
110	87	3.93
38	31	4.45
0	0	4.88
0	0	5.15
0	0	5.08
0	0	5.63
0	0	5.42
0	0	5.24
0	0	4.96
0	0	5.41
0	0	4.90
0	0	4.90
0	0	5.32
0	0	5.39
0	0	5.16
0	0	5.60
0	0	5.95
8	7	6.25
31	30	6.71
233	78	7.69
230	140	9.02
189	159	9.78
129	120	10.74
127	117	10.91
71	66	11.28
54	26	10.64
0	0	9.52
0	0	8.74
0	0	8.77
0	0	8.97
0	0	8.47
0	0	7.83
0	0	8.03
0	0	8.08
0	0	7.55
0	0	7.08
0	0	7.17
0	0	7.38
0	0	7.69
0	0	7.65
0	0	8.61
7	6	8.91
71	65	9.89
71	67	10.72
143	131	11.16
302	122	12.01
250	141	12.44
187	125	13.09
54	51	13.04
20	19	12.23
0	0	11.74
0	0	11.97
0	0	11.73
0	0	11.61
0	0	11.88
0	0	11.67
0	0	11.35
0	0	11.00
0	0	10.79
0	0	10.65
0	0	9.83
0	0	9.59
0	0	9.60
0	0	9.05
0	0	8.63
6	6	8.12
54	51	8.36
29	29	8.70
71	68	9.12
106	100	9.45
254	137	9.41
136	123	9.12
71	66	8.73
5	5	8.02
0	0	7.48
0	0	7.38
0	0	6.15
0	0	5.86
0	0	5.66
0	0	5.62
0	0	5.60
0	0	5.13
0	0	5.25
0	0	4.59
0	0	3.96
0	0	3.62
0	0	3.76
0	0	3.78
0	0	3.95
8	6	4.19
79	64	4.14
95	88	4.89
233	133	5.91
347	73	6.36
179	149	6.24
133	122	6.50
56	53	6.58
34	28	5.21
0	0	4.87
0	0	3.56
0	0	3.42
0	0	2.89
0	0	2.27
0	0	2.28
0	0	2.27
0	0	2.02
0	0	1.77
0	0	0.98
0	0	0.62
0	0	0.31
0	0	0.89
0	0	0.04
0	0	-0.73
6	5	-0.67
86	62	-0.20
150	110	0.03
174	141	0.79
133	123	1.17
133	123	1.54
181	122	1.44
100	82	1.74
32	27	0.75
0	0	-0.47
0	0	-1.21
0	0	-1.65
0	0	-1.72
0	0	-2.26
0	0	-2.57
0	0	-2.73
0	0	-3.33
0	0	-3.53
0	0	-3.53
0	0	-3.71
0	0	-3.26
0	0	-2.75
0	0	-2.33
0	0	-2.05
0	0	-2.53
39	37	-1.99
31	30	-2.06
178	140	-0.83
227	151	0.92
234	140	1.61
110	102	2.30
72	66	2.51
51	20	1.94
0	0	1.56
0	0	1.18
0	0	0.84
0	0	1.11
0	0	0.49
0	0	0.46
0	0	0.52
0	0	3.40
0	0	3.14
0	0	3.16
0	0	2.99
0	0	2.58
0	0	2.43
0	0	3.24
0	0	3.54
0	0	3.75
130	30	5.00
220	69	6.80
280	95	7.67
251	141	8.45
239	137	9.79
257	73	9.60
133	75	9.23
34	26	9.18
0	0	8.27
0	0	8.47
0	0	8.16
0	0	7.63
0	0	7.85
0	0	8.02
0	0	8.04
0	0	7.81
0	0	7.46
0	0	6.31
0	0	5.96
0	0	5.93
0	0	5.88
0	0	4.68
0	0	4.58
0	0	5.07
78	58	5.29
123	105	5.26
220	130	6.44
221	149	6.71
308	86	7.61
225	99	7.72
174	43	7.07
53	16	6.15
0	0	5.53
0	0	5.04
0	0	4.24
0	0	3.65
0	0	3.14
0	0	2.82
0	0	2.66
0	0	1.90
0	0	1.22
0	0	0.75
0	0	0.90
0	0	1.30
0	0	1.04
0	0	1.21
0	0	0.90
0	0	0.94
61	55	0.96
213	69	1.40
218	129	1.49
167	148	2.13
183	145	2.11
127	116	2.55
91	79	2.18
15	15	2.30
0	0	1.68
0	0	1.36
0	0	0.05
0	0	-0.59
0	0	-0.82
0	0	-1.59
0	0	-1.89
0	0	-2.39
0	0	-2.14
0	0	-1.89
0	0	-1.62
0	0	-1.38
0	0	-0.51
0	0	-0.02
0	0	-0.08
0	0	0.25
39	37	1.39
104	95	2.36
108	101	2.54
201	149	3.21
167	143	3.89
244	80	4.48
129	74	4.23
33	25	4.30
0	0	4.27
0	0	4.22
0	0	4.39
0	0	5.17
0	0	5.11
0	0	5.30
0	0	4.81
0	0	4.59
0	0	3.87
0	0	3.84
0	0	3.76
0	0	4.08
0	0	3.96
0	0	3.61
0	0	2.62
0	0	2.34
57	52	2.09
134	102	2.37
210	129	2.21
242	138	2.63
167	142	2.32
156	120	1.97
88	77	1.54
16	15	0.93
0	0	-0.48
0	0	-1.11
0	0	-2.08
0	0	-2.72
0	0	-2.83
0	0	-3.65
0	0	-4.09
0	0	-5.21
0	0	-4.52
0	0	-3.68
0	0	-3.20
0	0	-2.81
0	0	-2.76
0	0	-2.98
0	0	-2.86
0	0	-2.55
64	53	-1.96
105	96	-0.65
149	131	0.05
258	129	1.33
211	140	2.08
185	114	2.87
128	73	2.60
41	22	2.15
0	0	1.81
0	0	1.53
0	0	1.38
0	0	1.12
0	0	1.23
0	0	1.18
0	0	1.12
0	0	1.34
0	0	1.09
0	0	0.92
0	0	0.70
0	0	0.01
0	0	0.28
0	0	-0.08
0	0	-0.34
0	0	-0.36
47	44	-0.65
157	96	-0.50
141	128	0.09
202	146	-0.29
165	141	-0.30
218	97	-0.27
124	73	-0.35
18	17	-0.27
0	0	-0.58
0	0	-0.31
0	0	-0.71
0	0	-1.75
0	0	-3.00
0	0	-3.70
0	0	-3.97
0	0	-4.09
0	0	-3.54
0	0	-2.83
0	0	-1.84
0	0	-1.90
0	0	-1.70
0	0	-1.11
0	0	-1.16
0	0	-0.98
65	51	-0.63
166	90	-0.78
161	132	0.32
248	131	1.69
276	104	3.19
169	117	3.57
124	73	4.24
21	19	3.06
0	0	2.85
0	0	2.54
0	0	2.52
0	0	2.78
0	0	1.89
0	0	2.19
0	0	1.50
0	0	1.17
0	0	0.76
0	0	0.86
0	0	-0.06
0	0	1.15
0	0	1.25
0	0	1.62
0	0	0.77
0	0	1.19
31	29	2.42
131	98	3.61
284	69	4.71
331	60	5.88
283	96	7.11
194	108	8.01
109	77	7.97
40	21	7.83
0	0	7.97
0	0	7.60
0	0	7.83
0	0	7.55
0	0	8.01
0	0	8.08
0	0	7.19
0	0	7.41
0	0	7.37
0	0	7.26
0	0	7.03
0	0	6.49
0	0	7.03
0	0	6.57
0	0	7.01
0	0	6.36
43	40	7.22
64	60	7.41
145	128	7.91
120	112	8.04
92	87	8.27
63	60	7.78
62	58	8.52
10	10	7.69
0	0	6.77
0	0	6.12
0	0	5.22
0	0	4.79
0	0	4.14
0	0	3.20
0	0	2.70
0	0	1.69
0	0	2.54
0	0	2.59
0	0	2.82
0	0	2.90
0	0	2.15
0	0	2.68
0	0	2.77
0	0	2.84
25	24	2.97
56	53	3.39
95	89	3.44
75	72	3.39
85	80	3.08
11	11	3.18
14	14	3.77
3	3	3.91
0	0	3.86
0	0	3.81
0	0	3.59
0	0	3.49
0	0	2.04
0	0	1.91
0	0	1.59
0	0	1.66
0	0	1.65
0	0	1.65
0	0	1.27
0	0	0.94
0	0	0.05
0	0	-0.18
0	0	-0.31
0	0	-0.66
13	13	-0.82
98	89	-1.20
120	111	-1.93
68	66	-1.79
126	117	-2.06
34	34	-1.70
10	10	-1.65
9	8	-2.17
0	0	-3.24
0	0	-3.13
0	0	-3.08
0	0	-2.76
0	0	-3.50
0	0	-4.11
0	0	-4.29
0	0	-5.33
0	0	-5.44
0	0	-4.93
0	0	-4.23
0	0	-4.06
0	0	-3.63
0	0	-3.34
0	0	-3.44
0	0	-3.71
31	29	-3.71
140	93	-2.84
157	128	-2.48
253	123	-2.03
213	134	-2.15
154	117	-2.18
70	65	-1.86
18	16	-2.42
0	0	-3.94
0	0	-3.98
0	0	-4.56
0	0	-4.15
0	0	-3.74
0	0	-4.82
0	0	-5.93
0	0	-6.23
0	0	-6.59
0	0	-6.32
0	0	-6.61
0	0	-7.00
0	0	-6.85
0	0	-6.46
0	0	-5.72
0	0	-5.90
36	34	-5.53
58	55	-5.04
161	128	-4.54
199	142	-3.85
210	135	-3.50
183	111	-2.99
112	75	-3.08
29	24	-3.04
0	0	-3.26
0	0	-3.20
0	0	-3.45
0	0	-4.23
0	0	-4.11
0	0	-4.25
0	0	-4.82
0	0	-5.29
0	0	-5.45
0	0	-6.01
0	0	-6.57
0	0	-6.43
0	0	-5.86
0	0	-6.05
0	0	-6.12
0	0	-6.23
23	22	-6.31
81	75	-4.98
85	80	-4.23
166	141	-3.98
195	138	-3.92
170	114	-4.02
59	55	-4.24
17	16	-4.28
0	0	-4.33
0	0	-4.02
0	0	-2.96
0	0	-3.34
0	0	-3.44
0	0	-3.67
0	0	-4.16
0	0	-5.03
0	0	-4.31
0	0	-3.96
0	0	-4.42
0	0	-4.74
0	0	-4.72
0	0	-3.74
0	0	-3.56
0	0	-3.07
10	9	-1.98
81	75	-2.06
74	70	-1.25
145	133	-0.30
218	132	0.46
216	93	1.01
97	77	0.79
28	24	0.54
0	0	0.27
0	0	0.69
0	0	0.26
0	0	-0.02
0	0	0.23
0	0	-0.79
0	0	-1.13
0	0	-1.34
0	0	-0.96
0	0	-0.46
0	0	-0.57
0	0	-1.06
0	0	-1.02
0	0	-1.72
0	0	-1.58
0	0	-1.66
9	8	-1.41
63	60	-1.43
31	30	-0.83
67	65	-1.00
119	110	-0.86
90	84	-1.38
72	67	-0.71
22	20	-1.42
0	0	-1.95
0	0	-2.10
0	0	-1.90
0	0	-1.73
0	0	-1.87
0	0	-2.11
0	0	-2.13
0	0	-1.82
0	0	-1.07
0	0	-1.36
0	0	-1.97
0	0	-1.88
0	0	-1.86
0	0	-2.00
0	0	-2.15
0	0	-1.70
45	41	-1.03
59	56	-0.62
113	105	-0.40
92	87	-0.04
77	73	-0.22
113	104	-0.32
8	8	-0.50
4	4	-0.88
0	0	-0.60
0	0	-0.71
0	0	-1.12
0	0	-0.81
0	0	-0.28
0	0	-0.12
0	0	0.44
0	0	1.01
0	0	0.96
0	0	0.85
0	0	1.36
0	0	0.20
0	0	-0.46
0	0	-0.86
0	0	-1.25
0	0	-1.54
12	12	-1.70
35	34	-1.67
87	82	-1.11
53	51	-1.71
49	48	-1.76
73	69	-2.24
41	39	-2.36
6	6	-2.30
0	0	-3.15
0	0	-3.03
0	0	-2.92
0	0	-3.50
0	0	-3.96
0	0	-4.00
0	0	-4.50
0	0	-4.75
0	0	-5.13
0	0	-5.20
0	0	-4.25
0	0	-4.15
0	0	-3.72
0	0	-3.05
0	0	-3.00
0	0	-2.53
57	42	-1.51
72	67	-0.28
126	116	0.84
196	141	0.82
159	137	2.36
161	116	3.16
74	69	4.12
27	25	3.61
0	0	3.37
0	0	2.96
0	0	3.64
0	0	4.39
0	0	4.80
0	0	4.67
0	0	5.01
0	0	5.55
0	0	5.32
0	0	5.87
0	0	5.92
0	0	5.23
0	0	4.66
0	0	4.09
0	0	3.89
0	0	3.74
62	40	4.24
142	87	4.84
155	125	4.90
227	133	5.09
194	138	6.09
116	107	6.85
69	64	6.52
23	21	5.22
0	0	4.75
0	0	3.73
0	0	3.37
0	0	3.52
0	0	3.02
0	0	2.61
0	0	1.86
0	0	0.82
0	0	0.76
0	0	0.13
0	0	0.58
0	0	1.21
0	0	0.88
0	0	1.34
0	0	1.32
0	0	1.48
30	29	2.50
96	88	2.77
226	104	3.48
201	140	4.25
87	83	5.16
82	77	5.21
77	71	4.78
6	6	4.84
0	0	4.18
0	0	3.67
0	0	4.54
0	0	4.24
0	0	4.03
0	0	4.85
0	0	4.75
0	0	5.20
0	0	5.76
0	0	5.73
0	0	5.33
0	0	5.09
0	0	4.81
0	0	4.70
0	0	4.78
0	0	4.75
35	32	5.43
28	27	5.93
72	68	6.01
208	139	5.95
190	139	6.35
149	118	6.72
49	46	6.74
12	12	7.06
0	0	6.91
0	0	7.41
0	0	6.70
0	0	6.55
0	0	5.95
0	0	5.98
0	0	5.83
0	0	5.23
0	0	5.60
0	0	6.23
0	0	6.47
0	0	6.44
0	0	6.61
0	0	6.93
0	0	7.02
0	0	7.14
5	5	7.08
32	31	7.24
43	42	7.08
41	40	7.54
89	84	7.76
86	81	8.11
41	40	8.54
8	8	7.93
0	0	7.20
0	0	7.03
0	0	7.03
0	0	6.53
0	0	6.54
0	0	6.66
0	0	6.98
0	0	6.66
0	0	6.57
0	0	6.45
0	0	6.25
0	0	6.18
0	0	6.42
0	0	6.67
0	0	6.64
0	0	6.58
52	40	6.34
91	84	6.89
49	47	7.94
122	113	7.99
158	138	7.83
173	117	8.79
166	51	8.62
40	28	7.97
0	0	7.73
0	0	7.70
0	0	7.93
0	0	7.38
0	0	7.34
0	0	7.22
0	0	6.78
0	0	6.79
0	0	6.98
0	0	7.71
0	0	7.00
0	0	7.20
0	0	6.87
0	0	6.40
0	0	6.30
0	0	6.81
4	4	7.33
78	72	8.18
124	114	8.48
132	122	8.68
56	54	9.18
84	79	9.23
34	33	8.52
21	19	7.46
0	0	7.44
0	0	7.25
0	0	6.73
0	0	6.40
0	0	6.15
0	0	6.84
0	0	6.09
0	0	5.94
0	0	6.10
0	0	5.94
0	0	5.90
0	0	5.75
0	0	5.44
0	0	5.42
0	0	5.51
0	0	5.95
14	13	6.68
43	41	6.38
37	36	6.66
173	142	7.40
133	123	7.35
159	120	7.13
73	67	7.10
25	23	6.50
0	0	6.50
0	0	6.76
0	0	6.08
0	0	5.69
0	0	5.32
0	0	4.62
0	0	3.65
0	0	3.97
0	0	3.62
0	0	3.81
0	0	3.86
0	0	3.91
0	0	3.79
0	0	3.94
0	0	3.64
0	0	3.78
18	17	3.92
21	21	4.16
57	55	4.72
129	120	3.93
62	60	4.67
94	88	5.36
25	24	5.50
11	11	4.91
0	0	4.32
0	0	4.78
0	0	4.21
0	0	4.00
0	0	4.52
0	0	3.88
0	0	4.00
0	0	4.01
0	0	3.53
0	0	3.32
0	0	3.61
0	0	3.46
0	0	3.52
0	0	3.22
0	0	2.79
0	0	3.10
16	15	2.54
28	27	2.41
102	95	2.81
158	140	3.01
72	69	3.12
68	65	3.59
57	54	3.58
10	10	2.65
0	0	2.90
0	0	2.35
0	0	1.93
0	0	1.30
0	0	1.00
0	0	0.28
0	0	1.10
0	0	1.19
0	0	1.52
0	0	0.95
0	0	0.50
0	0	0.96
0	0	0.92
0	0	1.44
0	0	1.31
0	0	1.43
48	40	2.48
119	90	3.01
198	119	3.90
232	134	4.74
108	101	4.85
92	87	4.63
60	56	4.88
27	26	4.23
0	0	4.10
0	0	4.25
0	0	4.44
0	0	4.06
0	0	3.87
0	0	4.14
0	0	4.17
0	0	5.11
0	0	4.86
0	0	4.49
0	0	3.89
0	0	4.70
0	0	4.49
0	0	4.65
0	0	4.54
0	0	5.17
57	39	6.84
99	88	7.85
142	124	8.61
224	138	9.64
251	124	9.83
169	122	9.45
103	85	9.57
32	29	9.46
0	0	9.11
0	0	8.59
0	0	8.99
0	0	8.94
0	0	8.76
0	0	7.83
0	0	7.92
